 71 3 5 11 3 16 2
 24 2 3 4 25 18 6 62 25 8 5
 64 8 33 15 10 2 6 64 2 5 23 6 35 10 8 14 2 6 62 25 8 5
 64 8 33 15 10 2 6 64 2 5 23 6 62 25 8 5
 62 25 8 5 14
 6 64 3 14 11 18 2 3 12 6 39 15 12 16 2 11 6 34 15 11 10 2 14
 34 18 2 6 5 23 7 33 2 4 6 8 32 6 25 8 10 23 7 5 14 6 11 8 6 12 15 14 13 10 3 28 6 31 18 2 5 6 11 18 2 6 16 4 15 12 6 3 4 25 18 15 27 2 6 10 3 28 8 23 11 6 15 14 6 14 2 11 38
 59 4 15 12 6 53 4 25 18 15 27 2 6 35 8 10 23 7 5 6 35 8 23 5 11
 34 18 2 6 5 23 7 33 2 4 6 8 32 6 25 8 10 23 7 5 14 6 11 8 6 12 15 14 13 10 3 28 6 31 18 2 5 6 11 18 2 6 25 15 4 25 10 2 6 15 25 8 5 6 3 4 25 18 15 27 2 6 10 3 28 8 23 11 6 15 14 6 14 2 11 38
 35 15 4 25 10 2 6 62 25 8 5 6 53 4 25 18 15 27 2 6 35 8 10 23 7 5 6 35 8 23 5 11
 34 18 2 6 10 15 5 29 6 12 15 14 13 10 3 28 2 12 6 31 18 2 5 6 13 8 14 11 6 25 8 5 11 2 5 11 6 15 14 6 14 13 10 15 11 6 23 14 15 5 16 6 11 18 2 6 43 7 8 4 2 43 6 22 23 15 25 29 11 3 16 6 8 4 6 31 18 2 5 6 11 18 2 6 4 2 3 12 6 7 8 4 2 6 33 23 11 11 8 5 6 15 14 6 2 5 3 33 10 2 12 38
 24 18 8 31 6 4 2 3 12 6 7 8 4 2 6 33 23 11 11 8 5 6 31 18 2 5 6 50 8 14 11 6 26 21 25 2 4 13 11 6 15 14 6 25 18 8 14 2 5 38
 9 2 3 12 6 64 8 4 2 6 52 23 11 11 8 5
 62 32 6 5 8 6 7 3 5 23 3 10 6 13 8 14 11 6 2 21 25 2 4 13 11 6 15 14 6 3 12 12 2 12 6 8 5 2 6 31 15 10 10 6 33 2 6 16 2 5 2 4 3 11 2 12 38 6 72 8 31 6 7 3 5 28 6 31 8 4 12 14 6 14 18 8 23 10 12 6 15 11 6 33 2 40 6 82 5 10 28 6 3 13 13 10 15 25 3 33 10 2 6 15 32 6 50 8 14 11 6 26 21 25 2 4 13 11 6 18 3 14 6 33 2 2 5 6 14 2 10 2 25 11 2 12 6 32 4 8 7 6 11 18 2 6 50 8 14 11 6 35 8 5 11 2 5 11 6 14 2 11 11 15 5 16 38
 26 21 25 2 4 13 11 6 1 2 5 16 11 18
 35 18 2 25 29 8 23 11 6 52 23 11 11 8 5 6 52 8 4 12 2 4 6 35 8 10 8 4
 35 18 2 25 29 8 23 11 6 52 23 11 11 8 5 6 35 8 10 8 4
 35 18 2 25 29 8 23 11 6 52 23 11 11 8 5 6 52 3 25 29 16 4 8 23 5 12 6 35 8 10 8 4
 52 23 11 11 8 5 6 24 18 3 12 8 31
 52 23 11 11 8 5 6 34 2 21 11 6 24 18 3 12 8 31
 52 23 11 11 8 5 6 52 8 4 12 2 4 6 35 8 10 8 4
 52 23 11 11 8 5 6 35 8 10 8 4
 52 23 11 11 8 5 6 52 3 25 29 16 4 8 23 5 12 6 35 8 10 8 4
 52 23 11 11 8 5 14
 9 2 13 10 3 25 2 14 6 11 18 2 6 10 8 16 8 6 3 5 12 6 18 2 3 12 2 4 6 31 15 12 16 2 11 6 3 4 2 3 38
 64 3 14 11 18 2 3 12
 56 15 14 13 10 3 28 14 6 11 8 6 11 18 2 6 4 15 16 18 11 6 8 32 6 11 18 2 6 10 8 16 8 38
 56 15 14 13 10 3 28 14 6 33 2 10 8 31 6 11 18 2 6 25 8 5 11 2 5 11 6 3 4 2 3 38
 56 15 14 13 10 3 28 14 6 8 5 6 39 8 8 35 8 7 7 2 4 25 2 6 13 3 16 2 14 38
 56 15 14 13 10 3 28 14 6 11 8 6 11 18 2 6 4 15 16 18 11 6 8 4 6 10 2 32 11 6 8 32 6 11 18 2 6 25 8 5 11 2 5 11 6 3 4 2 3 38
 82 5 10 28 6 3 13 13 10 15 25 3 33 10 2 6 15 32 6 3 6 1 8 16 8 6 62 7 3 16 2 6 18 3 14 6 33 2 2 5 6 14 2 11 38
 56 15 14 13 10 3 28 6 14 15 11 2 6 11 15 11 10 2 6 3 10 8 5 16 14 15 12 2 6 10 8 16 8
 24 15 11 2 82 4 15 16 15 5 6 50 4 2 7 15 23 7
 36 8 23 73 4 2 6 25 23 4 4 2 5 11 10 28 6 4 23 5 5 15 5 16 6 11 18 2 6 32 4 2 2 6 27 2 4 14 15 8 5 6 8 32 6 44 14 30 6 33 23 11 6 28 8 23 6 18 3 27 2 6 3 6 13 4 2 7 15 23 7 6 8 4 12 2 4 6 5 23 7 33 2 4 6 2 5 11 2 4 2 12 38 6 44 14 56 8 31 5 10 8 3 12 44 14 6 11 18 2 6 13 4 2 7 15 23 7 6 27 2 4 14 15 8 5 6 3 5 12 6 44 14 4 2 3 12 6 15 5 14 11 4 23 25 11 15 8 5 14 44 14 6 8 5 6 18 8 31 6 11 8 6 23 13 16 4 3 12 2 38 6 44 14 56 15 14 7 15 14 14 44 14 6 11 18 15 14 6 5 8 11 15 25 2 38
 58 15 5 12 6 82 23 11 6 64 8 4 2
 24 15 11 2 82 4 15 16 15 5 6 50 4 2 7 15 23 7 6 3 12 12 14 6 13 8 31 2 4 32 23 10 6 32 2 3 11 23 4 2 14 6 11 8 6 44 14 38 6 34 18 2 28 73 10 10 6 14 3 27 2 6 28 8 23 6 11 15 7 2 6 3 5 12 6 7 3 29 2 6 28 8 23 4 6 14 15 11 2 6 7 8 4 2 6 13 4 8 32 2 14 14 15 8 5 3 10 38
 53 12 12 6 8 4 6 4 2 7 8 27 2 6 3 6 10 15 5 29 6 11 8 6 24 15 11 2 82 4 15 16 15 5 6 15 5 6 28 8 23 4 6 32 8 8 11 2 4 38
 24 15 11 2 82 4 15 16 15 5 6 53 11 11 4 15 33 23 11 15 8 5
 34 2 21 11 6 11 18 3 11 6 3 13 13 2 3 4 14 6 11 8 6 11 18 2 6 4 15 16 18 11 6 8 32 6 28 8 23 4 6 10 8 16 8 38 6 62 11 6 31 15 10 10 6 33 2 6 18 15 12 12 2 5 6 15 32 6 31 15 12 16 2 11 14 6 3 4 2 6 13 10 3 25 2 12 6 15 5 6 11 18 2 6 18 2 3 12 2 4 38
 39 4 15 11 2 6 3 6 9 2 27 15 2 31
 35 8 5 11 2 5 11 6 72 2 3 12 15 5 16 6 91 6 24 15 61 2
 35 8 5 11 2 5 11 6 72 2 3 12 15 5 16 6 68 6 24 15 61 2
 35 8 5 11 2 5 11 6 72 2 3 12 15 5 16 6 81 6 24 15 61 2
 35 8 5 11 2 5 11 6 72 2 3 12 15 5 16 6 76 6 24 15 61 2
 35 8 5 11 2 5 11 6 72 2 3 12 15 5 16 6 66 6 24 15 61 2
 35 8 5 11 2 5 11 6 72 2 3 12 15 5 16 6 65 6 24 15 61 2
 64 2 5 23 6 58 8 5 11
 53 12 12 6 3 23 11 18 8 4 6 33 15 8 16 4 3 13 18 15 25 3 10 6 15 5 32 8 38
 50 18 8 5 2
 26 7 3 15 10
 71 90
 24 11 23 7 33 10 2 63 13 8 5
 24 8 23 5 12 35 10 8 23 12
 64 15 21 25 10 8 23 12
 35 8 12 2 13 2 5
 52 15 11 33 23 25 29 2 11
 59 15 11 72 23 33
 39 8 4 12 50 4 2 14 14
 34 23 7 33 10 4
 71 15 7 2 8
 36 8 23 34 23 33 2
 24 29 28 13 2
 50 15 5 11 2 4 2 14 11
 62 5 14 11 3 16 4 3 7
 68 67 67 13 21
 58 10 15 25 29 4
 56 2 27 15 3 5 11 53 4 11
 52 2 18 3 5 25 2
 56 4 15 33 33 33 10 2
 1 15 5 29 2 12 62 5
 82 13 2 5 6 10 15 5 29 6 15 5 6 3 6 5 2 31 6 11 3 33
 34 15 11 10 2 6 35 8 10 8 4
 71 3 5 11 3 16 2 6 15 14 6 3 6 32 10 2 21 15 33 10 2 6 7 23 10 11 15 13 23 4 13 8 14 2 6 11 18 2 7 2 38 6 62 11 14 6 14 11 4 2 5 16 11 18 6 10 15 2 14 6 15 5 6 15 11 14 6 11 15 16 18 11 6 15 5 11 2 16 4 3 11 15 8 5 6 31 15 11 18 6 14 8 7 2 6 13 8 31 2 4 32 23 10 6 13 10 23 16 15 5 14 6 10 15 29 2 6 50 3 16 2 6 52 23 15 10 12 2 4 6 32 8 4 6 4 2 14 13 8 5 14 15 27 2 6 13 3 16 2 6 10 3 28 8 23 11 14 30 6 64 2 11 3 6 24 10 15 12 2 4 6 32 8 4 6 33 15 16 6 33 2 3 23 11 15 32 23 10 6 14 10 15 12 2 4 14 6 3 5 12 6 39 8 8 35 8 7 7 2 4 25 2 6 11 8 6 18 2 10 13 6 28 8 23 6 14 2 10 10 6 8 5 10 15 5 2 38 6 71 3 5 11 3 16 2 6 15 14 6 32 23 10 10 28 6 4 2 14 13 8 5 14 15 27 2 6 3 5 12 6 4 2 11 15 5 3 6 4 2 3 12 28 38 6 63 14 2 6 15 11 6 11 8 6 14 11 3 4 11 6 3 6 33 23 14 15 5 2 14 14 6 14 15 11 2 30 6 13 8 4 11 32 8 10 15 8 6 8 4 6 8 5 10 15 5 2 6 14 11 8 4 2 38
 34 8 6 23 14 2 6 11 18 2 14 2 6 13 3 16 2 6 14 2 11 11 15 5 16 14 30 6 13 10 2 3 14 2 6 23 14 2 6 11 18 2 6 41 14 11 4 8 5 16 45 56 2 32 3 23 10 11 41 46 14 11 4 8 5 16 45 6 11 2 7 13 10 3 11 2 6 14 2 10 2 25 11 2 12 6 23 5 12 2 4 6 41 14 11 4 8 5 16 45 50 3 16 2 6 53 11 11 4 15 33 23 11 2 14 41 46 14 11 4 8 5 16 45
 72 15 12 2 6 11 18 2 6 32 8 8 11 2 4 6 31 15 12 16 2 11 14 6 8 5 6 11 18 15 14 6 13 3 16 2 38
 72 15 12 2 6 58 8 8 11 2 4 6 39 15 12 16 2 11 14
 72 15 12 2 6 11 18 2 6 7 3 14 11 18 2 3 12 6 8 5 6 11 18 15 14 6 13 3 16 2 38
 18 15 12 2
 72 15 12 2 6 64 3 14 11 18 2 3 12
 62 5 25 10 23 12 2 6 11 18 2 6 7 3 4 16 15 5 6 3 33 8 27 2 6 28 8 23 4 6 32 8 8 11 2 4 38
 58 8 8 11 2 4 6 34 8 13 6 64 3 4 16 15 5
 62 5 25 10 23 12 2 6 11 18 2 6 7 3 4 16 15 5 6 33 2 10 8 31 6 11 18 2 6 7 3 14 11 18 2 3 12 6 69 11 8 13 6 3 4 2 3 70 6 8 32 6 28 8 23 4 6 14 15 11 2 38
 2 5 3 33 10 2
 64 3 14 11 18 2 3 12 6 52 8 11 11 8 7 6 64 3 4 16 15 5
 56 15 14 13 10 3 28 6 11 18 2 6 13 3 16 2 6 11 15 11 10 2 6 8 5 6 11 18 15 14 6 13 3 16 2 38
 50 3 16 2 6 34 15 11 10 2
 56 15 14 13 10 3 28 6 11 18 2 6 13 3 16 2 6 32 2 3 11 23 4 2 12 6 15 7 3 16 2 6 8 5 6 11 18 15 14 6 13 3 16 2 38
 12 15 14 13 10 3 28
 50 3 16 2 6 58 2 3 11 23 4 2 12 6 62 7 3 16 2
 58 23 10 10 6 39 15 12 11 18 30 6 39 15 11 18 6 24 15 12 2 33 3 4
 20 8 6 24 15 12 2 33 3 4
 50 3 16 2 6 1 3 28 8 23 11
 71 3 5 11 3 16 2 6 50 4 2 7 15 23 7 6 63 13 16 4 3 12 2
 50 4 2 7 15 23 7 6 82 5 10 28
 24 2 11 11 15 5 16 14 6 32 8 4 6 28 8 23 4 6 11 18 2 7 2
 34 2 21 11 6 12 15 14 13 10 3 28 2 12 6 3 14 6 3 6 10 3 33 2 10 6 5 2 21 11 6 11 8 6 11 18 2 6 13 8 14 11 6 3 23 11 18 8 4 73 14 6 25 8 7 7 2 5 11 14 38
 50 8 14 11 6 53 23 11 18 8 4 73 14 6 35 8 7 7 2 5 11 14
 56 15 14 13 10 3 28 6 33 4 2 3 12 25 4 23 7 33 14 6 15 32 6 28 8 23 6 18 3 27 2 6 36 8 3 14 11 6 24 26 82 6 8 4 6 52 4 2 3 12 25 4 23 7 33 6 20 3 27 84 34 6 15 5 14 11 3 10 10 2 12 38
 52 4 2 3 12 25 4 23 7 33 14
 64 8 33 15 10 2 6 64 2 5 23 6 24 2 3 4 25 18
 64 8 33 15 10 2 6 64 2 5 23 6 34 2 21 11
 34 18 2 6 4 2 14 8 10 23 11 15 8 5 6 31 18 2 5 6 11 18 2 6 7 2 5 23 6 25 8 10 10 3 13 14 2 14 6 15 5 11 8 6 3 6 7 8 33 15 10 2 6 5 3 27 15 16 3 11 15 8 5 6 7 2 5 23 38 6 71 3 10 23 2 6 15 14 6 15 5 6 13 15 21 2 10 14 38
 64 8 33 15 10 2 6 64 2 5 23 6 35 8 10 10 3 13 14 2
 35 18 3 5 16 2 6 14 2 11 11 15 5 16 14 6 32 8 4 6 28 8 23 4 6 11 18 2 7 2 38
 34 3 21 8 5 8 7 28
 20 8 11 6 58 8 23 5 12
 53 23 11 18 8 4 6 53 4 25 18 15 27 2 14
 56 3 11 2 6 53 4 25 18 15 27 2 14
 24 2 3 4 25 18 6 9 2 14 23 10 11 14
 52 10 8 16 6 50 3 16 2
 35 18 3 5 16 2 6 10 3 28 8 23 11 14 6 32 8 4 6 27 3 4 15 8 23 14 6 13 3 16 2 14 6 8 5 6 28 8 23 4 6 14 15 11 2 38
 50 3 16 2 6 34 2 7 13 10 3 11 2 6 24 2 11 11 15 5 16 14
 50 3 16 2 6 14 2 11 11 15 5 16 14
 26 12 15 11 6 39 15 12 16 2 11
 41 3 6 18 4 2 32 42 43 44 14 43 45 62 5 14 11 3 10 10 41 46 3 45 6 11 18 2 6 39 15 12 16 2 11 14 6 52 23 5 12 10 2 6 5 8 31 38
 34 18 15 14 6 32 15 2 10 12 6 4 2 22 23 15 4 2 14 6 11 18 2 6 39 15 12 16 2 11 14 6 52 23 5 12 10 2 6 13 10 23 16 15 5 38
 53 27 3 15 10 3 33 10 2 6 15 5 6 50 4 2 7 15 23 7
 24 23 33 14 2 11
 71 3 4 15 3 5 11
 50 4 8 23 12 10 28 6 35 4 2 3 11 2 12 6 52 28
 62 32 6 28 8 23 6 10 15 29 2 6 44 14 30 6 13 10 2 3 14 2 6 14 18 3 4 2 6 15 11 47
 39 3 11 25 18 6 34 18 2 6 71 15 12 2 8
 63 13 16 4 3 12 2 6 11 8 6 50 4 2 7 15 23 7
 56 8 25 23 7 2 5 11 3 11 15 8 5
 59 2 11 6 63 13 12 3 11 2 14
 34 3 29 2 6 3 6 34 8 23 4
 58 4 2 2 6 78 39 8 4 12 50 4 2 14 14 6 34 18 2 7 2 6 32 4 8 7 6 87 24 15 11 2 82 4 15 16 15 5
 53 33 8 23 11 6 44 14
 1 2 3 4 5 6 53 33 8 23 11 6 44 14
 36 8 23 6 25 3 5 6 10 2 3 4 5 6 7 8 4 2 6 3 33 8 23 11 6 15 11 6 44 14 18 2 4 2 44 14 30 6 8 4 6 18 2 3 12 6 14 11 4 3 15 16 18 11 6 11 8 6 11 18 2 6 44 14 25 23 14 11 8 7 15 61 2 4 44 14 6 11 8 6 14 11 3 4 11 6 14 2 11 11 15 5 16 6 15 11 6 23 13 38
 34 18 3 5 29 14 6 32 8 4 6 25 18 8 8 14 15 5 16 6 44 14 47
 34 18 15 14 6 11 18 2 7 2 6 14 23 13 13 8 4 11 14 6 50 3 16 2 6 52 23 15 10 12 2 4 6 11 8 6 25 4 2 3 11 2 6 33 2 3 23 11 15 32 23 10 10 28 6 13 4 8 13 8 4 11 15 8 5 2 12 6 25 8 10 23 7 5 6 33 3 14 2 12 6 25 8 5 11 2 5 11 38
 82 32 32
 82 5
 52 3 25 29
 20 3 27 15 16 3 11 2 6 11 8 6 41 14 11 4 8 5 16 45 53 13 13 2 3 4 3 5 25 2 6 45 6 35 23 14 11 8 7 15 61 2 6 45 6 34 18 2 7 2 6 24 2 11 11 15 5 16 14 41 46 14 11 4 8 5 16 45 6 11 8 6 3 25 25 2 14 14 6 11 18 2 7 2 6 14 2 11 11 15 5 16 14 38
 82 23 4 6 11 18 2 7 2 6 14 2 11 11 15 5 16 14 6 5 8 31 6 11 3 29 2 6 3 12 27 3 5 11 3 16 2 6 8 32 6 11 18 2 6 39 8 4 12 50 4 2 14 14 6 25 23 14 11 8 7 15 61 2 4 38
 71 3 5 11 3 16 2 6 24 2 11 11 15 5 16 14 6 72 3 27 2 6 64 8 27 2 12
 24 15 12 2 33 3 4 6 50 8 14 15 11 15 8 5
 24 25 4 8 10 10 6 11 8 6 34 8 13 6 52 3 25 29 16 4 8 23 5 12
 24 25 4 8 10 10 6 11 8 6 34 8 13 6 35 8 10 8 4 6
 24 15 11 2 6 62 5 32 8 6 1 15 5 29
 24 15 11 2 6 62 5 32 8 6 34 2 21 11
 1 15 5 29 6 72 8 27 2 4 6 35 8 10 8 4
 1 15 5 29 6 35 8 10 8 4
 39 15 12 16 2 11 6 34 15 11 10 2 14
 58 8 8 11 2 4 6 52 3 25 29 16 4 8 23 5 12 6 62 7 3 16 2 6 1 3 28 8 23 11
 58 8 8 11 2 4 6 52 3 25 29 16 4 8 23 5 12 6 62 7 3 16 2
 58 8 8 11 2 4 6 52 3 25 29 16 4 8 23 5 12
 62 7 3 16 2 6 24 18 3 12 8 31 6 3 5 12 6 9 8 23 5 12 15 5 16
 50 3 16 2 6 52 3 25 29 16 4 8 23 5 12 6 62 7 3 16 2 6 1 3 28 8 23 11
 50 3 16 2 6 52 3 25 29 16 4 8 23 5 12 6 62 7 3 16 2
 50 3 16 2 6 52 3 25 29 16 4 8 23 5 12
 35 8 27 2 4
 34 15 10 2
 56 2 32 3 23 10 11
 64 3 14 11 18 2 3 12 6 52 3 25 29 16 4 8 23 5 12 6 62 7 3 16 2 6 1 3 28 8 23 11
 64 3 14 11 18 2 3 12 6 52 3 25 29 16 4 8 23 5 12 6 62 7 3 16 2
 64 3 14 11 18 2 3 12 6 52 3 25 29 16 4 8 23 5 12
 35 15 4 25 10 2 6 62 25 8 5 6 39 15 12 16 2 11 6 62 25 8 5
 35 15 4 25 10 2 6 62 25 8 5 6 39 15 12 16 2 11 6 52 3 25 29 16 4 8 23 5 12
 64 2 5 23 6 52 8 4 12 2 4
 64 2 5 23 6 52 3 25 29 16 4 8 23 5 12
 64 2 5 23 6 34 2 21 11
 24 2 3 4 25 18 6 52 3 25 29 16 4 8 23 5 12
 34 15 11 10 2 6 52 3 25 29 16 4 8 23 5 12
 34 15 11 10 2 6 34 2 21 11
 72 2 3 12 2 4 6 39 15 12 16 2 11 6 64 2 5 23 6 52 8 4 12 2 4 6 35 8 10 8 4
 64 2 5 23 6 58 8 5 11 6 24 15 61 2
 64 2 5 23 6 62 11 2 7 6 72 8 4 15 61 8 5 11 3 10 6 50 3 12 12 15 5 16 6 69 13 21 70
 64 2 5 23 6 62 11 2 7 6 71 2 4 11 15 25 3 10 6 50 3 12 12 15 5 16 6 69 13 21 70
 24 2 3 4 25 18 6 62 5 13 23 11 6 34 2 21 11
 24 2 3 4 25 18 6 62 5 13 23 11 6 52 3 25 29 16 4 8 23 5 12
 24 2 3 4 25 18 6 62 25 8 5 6 72 8 27 2 4 6 35 8 10 8 4
 24 2 3 4 25 18 6 62 25 8 5 6 35 8 10 8 4
 24 2 3 4 25 18 6 62 25 8 5 6 52 3 25 29 16 4 8 23 5 12
 35 23 4 4 2 5 11 6 50 3 16 2 6 34 2 21 11
 35 23 4 4 2 5 11 6 50 3 16 2 6 52 3 25 29 16 4 8 23 5 12
 62 25 8 5 6 72 8 27 2 4 6 35 8 10 8 4
 62 25 8 5 6 35 8 10 8 4
 24 2 25 8 5 12 6 1 2 27 2 10 6 72 8 27 2 4 6 34 2 21 11
 24 2 25 8 5 12 6 1 2 27 2 10 6 72 8 27 2 4
 72 8 27 2 4 6 34 2 21 11
 72 8 27 2 4 6 52 3 25 29 16 4 8 23 5 12
 24 2 25 8 5 12 6 1 2 27 2 10 6 34 2 21 11
 24 2 25 8 5 12 6 1 2 27 2 10 6 52 3 25 29 16 4 8 23 5 12
 34 2 21 11 6 35 8 10 8 4
 52 3 25 29 16 4 8 23 5 12
 35 2 5 11 2 4
 64 2 5 23 6 53 10 15 16 5 7 2 5 11
 53 12 12 6 1 15 5 29 6 63 5 12 2 4 10 15 5 2 6 8 5 6 72 8 27 2 4
 35 8 5 11 2 5 11 6 1 15 5 29 6 72 8 27 2 4 6 35 8 10 8 4
 9 2 7 8 27 2 6 1 15 5 29 6 63 5 12 2 4 10 15 5 2
 35 8 5 11 2 5 11 6 1 15 5 29 6 35 8 10 8 4
 35 2 5 11 2 4 6 1 8 16 8
 72 2 3 12 2 4 6 50 3 12 12 15 5 16
 35 8 5 11 2 5 11 6 72 2 3 12 15 5 16 6 35 8 10 8 4
 35 8 5 11 2 5 11 6 35 8 10 8 4
 35 8 5 11 2 5 11 6 24 15 61 2
 50 3 16 2 6 34 15 11 10 2 6 35 8 10 8 4
 50 3 16 2 6 34 15 11 10 2 6 24 15 61 2
 72 2 3 12 2 4 6 34 2 21 11 6 35 8 10 8 4
 72 2 3 12 2 4 6 34 2 21 11 6 24 15 61 2
 24 15 11 2 6 34 15 11 10 2 6 35 8 10 8 4
 24 15 11 2 6 34 15 11 10 2 6 24 15 61 2
 72 2 3 12 15 5 16 6 58 8 5 11
 24 15 11 2 6 34 15 11 10 2 6 58 8 5 11
 52 8 12 28 6 58 8 5 11
 50 3 16 2
 39 15 12 16 2 11 14
 64 8 33 15 10 2 6 64 2 5 23
 64 2 5 23
 58 8 5 11 14
 9 2 14 2 11 6 35 23 14 11 8 7 15 61 3 11 15 8 5 14
 53 4 2 6 28 8 23 6 14 23 4 2 6 28 8 23 6 31 3 5 11 6 11 8 6 4 2 14 2 11 6 28 8 23 4 6 11 18 2 7 2 6 25 23 14 11 8 7 15 61 3 11 15 8 5 14 40
 34 18 2 7 2 6 24 13 2 25 15 32 15 25 6 35 23 14 11 8 7 15 61 3 11 15 8 5 14 6 58 8 4 6 44 14 38
 34 18 2 7 2 6 56 2 14 15 16 5
 62 5 14 11 3 10 10 15 5 16 6 50 10 23 16 15 5 6 44 65 75 14 6 69 44 66 75 12 46 44 76 75 12 70
 53 10 10 6 15 5 14 11 3 10 10 3 11 15 8 5 14 6 18 3 27 2 6 33 2 2 5 6 25 8 7 13 10 2 11 2 12 38
 44 65 75 14 6 15 5 14 11 3 10 10 2 12 6 14 23 25 25 2 14 14 32 23 10 10 28 38
 34 18 2 6 15 5 14 11 3 10 10 3 11 15 8 5 6 13 4 8 25 2 14 14 6 15 14 6 14 11 3 4 11 15 5 16 38 6 34 18 15 14 6 13 4 8 25 2 14 14 6 7 3 28 6 11 3 29 2 6 3 6 31 18 15 10 2 6 8 5 6 14 8 7 2 6 18 8 14 11 14 30 6 14 8 6 13 10 2 3 14 2 6 33 2 6 13 3 11 15 2 5 11 38
 62 5 14 11 3 10 10 15 5 16 6 3 5 12 6 53 25 11 15 27 3 11 15 5 16 6 50 10 23 16 15 5 6 44 65 75 14 6 69 44 66 75 12 46 44 76 75 12 70
 53 10 10 6 15 5 14 11 3 10 10 3 11 15 8 5 14 6 3 5 12 6 3 25 11 15 27 3 11 15 8 5 14 6 18 3 27 2 6 33 2 2 5 6 25 8 7 13 10 2 11 2 12 38
 72 15 12 2 6 56 2 11 3 15 10 14
 24 18 8 31 6 56 2 11 3 15 10 14
 44 65 75 14 6 15 5 14 11 3 10 10 2 12 6 3 5 12 6 3 25 11 15 27 3 11 2 12 6 14 23 25 25 2 14 14 32 23 10 10 28 38
 34 18 2 6 15 5 14 11 3 10 10 3 11 15 8 5 6 3 5 12 6 3 25 11 15 27 3 11 15 8 5 6 13 4 8 25 2 14 14 6 15 14 6 14 11 3 4 11 15 5 16 38 6 34 18 15 14 6 13 4 8 25 2 14 14 6 7 3 28 6 11 3 29 2 6 3 6 31 18 15 10 2 6 8 5 6 14 8 7 2 6 18 8 14 11 14 30 6 14 8 6 13 10 2 3 14 2 6 33 2 6 13 3 11 15 2 5 11 38
 34 18 2 6 15 5 14 11 3 10 10 3 11 15 8 5 6 8 32 6 44 65 75 14 6 32 3 15 10 2 12 38
 53 5 6 2 4 4 8 4 6 8 25 25 23 4 4 2 12 6 31 18 15 10 2 6 15 5 14 11 3 10 10 15 5 16 6 44 65 75 14 49 6 41 14 11 4 8 5 16 45 44 66 75 14 41 46 14 11 4 8 5 16 45 38
 63 13 12 3 11 15 5 16 6 50 10 23 16 15 5 6 44 65 75 14 6 69 44 66 75 12 46 44 76 75 12 70
 50 10 23 16 15 5 6 3 25 11 15 27 3 11 15 8 5 6 32 3 15 10 2 12 38
 20 8 6 13 10 23 16 15 5 14 6 3 4 2 6 3 27 3 15 10 3 33 10 2 6 11 8 6 33 2 6 3 25 11 15 27 3 11 2 12 6 3 11 6 11 18 15 14 6 11 15 7 2 38
 20 8 6 13 10 23 16 15 5 14 6 31 2 4 2 6 14 2 10 2 25 11 2 12 6 11 8 6 33 2 6 3 25 11 15 27 3 11 2 12 38 6 20 8 6 3 25 11 15 8 5 6 11 3 29 2 5 38
 20 8 6 13 10 23 16 15 5 14 6 3 4 2 6 3 27 3 15 10 3 33 10 2 6 11 8 6 33 2 6 23 13 12 3 11 2 12 6 3 11 6 11 18 15 14 6 11 15 7 2 38
 20 8 6 13 10 23 16 15 5 14 6 3 4 2 6 3 27 3 15 10 3 33 10 2 6 11 8 6 33 2 6 15 5 14 11 3 10 10 2 12 6 3 11 6 11 18 15 14 6 11 15 7 2 38
 20 8 6 13 10 23 16 15 5 14 6 31 2 4 2 6 14 2 10 2 25 11 2 12 6 11 8 6 33 2 6 23 13 12 3 11 2 12 38 6 20 8 6 3 25 11 15 8 5 6 11 3 29 2 5 38
 20 8 6 13 10 23 16 15 5 14 6 31 2 4 2 6 14 2 10 2 25 11 2 12 6 11 8 6 33 2 6 15 5 14 11 3 10 10 2 12 38 6 20 8 6 3 25 11 15 8 5 6 11 3 29 2 5 38
 53 25 11 15 27 3 11 2
 63 13 12 3 11 2
 63 13 16 4 3 12 2 6 7 2 14 14 3 16 2 6 32 4 8 7 6 11 18 2 6 13 10 23 16 15 5 6 3 23 11 18 8 4 49
 53 25 11 15 27 3 11 2 6 44 66 75 14
 63 13 12 3 11 2 6 44 66 75 14
 62 5 14 11 3 10 10 6 44 66 75 14
 24 11 3 11 23 14
 71 2 4 14 15 8 5
 34 28 13 2
 24 8 23 4 25 2
 50 10 23 16 15 5
 20 8 6 13 10 23 16 15 5 14 6 11 8 6 15 5 14 11 3 10 10 30 6 23 13 12 3 11 2 6 8 4 6 3 25 11 15 27 3 11 2 38
 53 27 3 15 10 3 33 10 2 6 27 2 4 14 15 8 5 49
 64 15 5 15 7 23 7 6 4 2 22 23 15 4 2 12 6 27 2 4 14 15 8 5 49
 62 5 14 11 3 10 10 2 12 6 27 2 4 14 15 8 5 49
 23 5 29 5 8 31 5
 44 65 75 14 30 6 44 66 75 14
 63 13 12 3 11 2 6 4 2 25 8 7 7 2 5 12 2 12
 9 2 22 23 15 4 2 14 6 63 13 12 3 11 2
 9 2 22 23 15 4 2 12 6 63 13 12 3 11 2 6 5 8 11 6 53 27 3 15 10 3 33 10 2
 53 25 11 15 27 2
 62 5 14 11 3 10 10 2 12 6 52 23 11 6 20 8 11 6 53 25 11 15 27 3 11 2 12
 20 8 11 6 62 5 14 11 3 10 10 2 12
 50 4 2 51 50 3 25 29 3 16 2 12
 26 21 11 2 4 5 3 10 6 24 8 23 4 25 2
 39 8 4 12 50 4 2 14 14 6 9 2 13 8 14 15 11 8 4 28
 9 2 25 8 7 7 2 5 12 2 12
 9 2 22 23 15 4 2 12
 34 59 64 50 53 6 27 44 14
 3 5 12
 34 18 2 6 4 2 7 8 11 2 6 13 10 23 16 15 5 6 13 3 25 29 3 16 2 6 25 8 5 14 15 14 11 14 6 8 32 6 7 8 4 2 6 11 18 3 5 6 8 5 2 6 32 15 10 2 30 6 33 23 11 6 11 18 2 6 32 15 10 2 14 6 3 4 2 6 5 8 11 6 13 3 25 29 3 16 2 12 6 15 5 6 3 6 32 8 10 12 2 4 38
 50 10 2 3 14 2 6 25 8 5 11 3 25 11 6 11 18 2 6 13 10 23 16 15 5 6 13 4 8 27 15 12 2 4 6 3 5 12 6 3 14 29 6 11 18 2 7 6 11 8 6 13 3 25 29 3 16 2 6 11 18 2 15 4 6 13 10 23 16 15 5 6 3 25 25 8 4 12 15 5 16 6 11 8 6 11 18 2 6 39 8 4 12 50 4 2 14 14 6 16 23 15 12 2 10 15 5 2 14 38
 34 18 2 6 4 2 7 8 11 2 6 13 10 23 16 15 5 6 13 3 25 29 3 16 2 6 12 8 2 14 6 5 8 11 6 25 8 5 11 3 15 5 6 3 6 32 8 10 12 2 4 6 31 15 11 18 6 11 18 2 6 12 2 14 15 4 2 12 6 14 10 23 16 6 3 5 12 6 4 2 5 3 7 15 5 16 6 12 15 12 6 5 8 11 6 31 8 4 29 38
 63 13 12 3 11 2 6 9 2 22 23 15 4 2 12
 34 18 15 14 6 13 10 23 16 15 5 6 5 2 2 12 14 6 11 8 6 33 2 6 23 13 12 3 11 2 12 6 11 8 6 33 2 6 25 8 7 13 3 11 15 33 10 2 6 31 15 11 18 6 28 8 23 4 6 11 18 2 7 2 38
 50 10 2 3 14 2 6 25 8 5 11 3 25 11 6 11 18 2 6 3 12 7 15 5 15 14 11 4 3 11 8 4 6 8 32 6 11 18 15 14 6 14 15 11 2 6 32 8 4 6 18 2 10 13 38
 34 18 2 4 2 6 3 4 2 6 8 5 2 6 8 4 6 7 8 4 2 6 4 2 22 23 15 4 2 12 6 8 4 6 4 2 25 8 7 7 2 5 12 2 12 6 13 10 23 16 15 5 14 6 11 8 6 15 5 14 11 3 10 10 30 6 23 13 12 3 11 2 6 8 4 6 3 25 11 15 27 3 11 2 38
 56 15 14 7 15 14 14 6 11 18 15 14 6 5 8 11 15 25 2
 53 10 10 6 13 10 23 16 15 5 14 6 15 5 14 11 3 10 10 2 12 6 3 5 12 6 3 25 11 15 27 3 11 2 12 6 14 23 25 25 2 14 14 32 23 10 10 28 38 6 44 65 75 14
 50 10 23 16 15 5 6 5 8 11 6 3 25 11 15 27 3 11 2 12 38 6 53 6 18 15 16 18 2 4 6 27 2 4 14 15 8 5 6 8 32 6 44 14 6 15 14 6 5 2 2 12 2 12 6 32 8 4 6 11 18 15 14 6 11 18 2 7 2 38 6 50 10 2 3 14 2 6 23 13 12 3 11 2 6 11 18 2 6 13 10 23 16 15 5 38
 20 8 6 3 25 11 15 8 5 6 11 3 29 2 5 38 6 50 10 23 16 15 5 6 44 65 75 14 6 31 3 14 6 3 10 4 2 3 12 28 6 3 25 11 15 27 2 38
 34 18 2 6 32 8 10 10 8 31 15 5 16 6 13 10 23 16 15 5 6 31 3 14 6 3 25 11 15 27 3 11 2 12 6 14 23 25 25 2 14 14 32 23 10 10 28 49
 50 10 23 16 15 5 6 3 25 11 15 27 3 11 2 12 6 14 23 25 25 2 14 14 32 23 10 10 28 38
 9 2 11 23 4 5 6 11 8 6 11 18 2 6 56 3 14 18 33 8 3 4 12
 9 2 11 23 4 5 6 11 8 6 9 2 22 23 15 4 2 12 6 50 10 23 16 15 5 14 6 62 5 14 11 3 10 10 2 4
 24 8 7 2 11 18 15 5 16 6 31 2 5 11 6 31 4 8 5 16 6 31 15 11 18 6 11 18 2 6 13 10 23 16 15 5 6 53 50 62 38
 63 13 12 3 11 15 5 16 6 50 10 23 16 15 5 49 6 44 14
 62 5 14 11 3 10 10 15 5 16 6 50 10 23 16 15 5 49 6 44 14
 62 5 14 11 3 10 10 6 50 10 23 16 15 5 14
 62 5 14 11 3 10 10 6 9 2 22 23 15 4 2 12 6 50 10 23 16 15 5 14
 24 15 11 2 82 4 15 16 15 5 6 35 24 24
 24 15 11 2 82 4 15 16 15 5 6 39 15 12 16 2 11 14 6 52 23 5 12 10 2
 59 2 5 12 2 4 6 62 25 8 5 14
 34 4 3 5 14 13 8 4 11 3 11 15 8 5 6 62 25 8 5 14
 72 3 5 12 6 62 25 8 5 14
 53 25 25 2 14 14 15 33 15 10 15 11 28 6 62 25 8 5 14
 36 8 23 6 25 3 5 6 3 10 14 8 6 4 2 3 12 6 11 18 4 8 23 16 18 6 11 18 2 6 44 14 71 3 5 11 3 16 2 6 12 8 25 23 7 2 5 11 3 11 15 8 5 44 14 6 11 8 6 16 2 11 6 11 8 6 29 5 8 31 6 15 11 6 2 27 2 5 6 32 3 14 11 2 4 38
 53 14 6 3 6 71 3 5 11 3 16 2 6 23 14 2 4 30 6 28 8 23 73 10 10 6 16 2 11 6 32 3 14 11 30 6 32 4 15 2 5 12 10 28 6 14 23 13 13 8 4 11 6 8 5 6 8 23 4 6 8 31 5 6 44 14 14 23 13 13 8 4 11 6 32 8 4 23 7 14 44 14 38
 1 15 16 18 11 5 15 5 16 6 58 3 14 11 6 24 23 13 13 8 4 11
 34 18 15 14 6 13 8 31 2 4 32 23 10 6 13 10 23 16 15 5 6 16 15 27 2 14 6 28 8 23 6 32 23 10 10 6 12 4 3 16 6 3 5 12 6 12 4 8 13 6 25 3 13 3 33 15 10 15 11 15 2 14 6 4 15 16 18 11 6 15 5 14 15 12 2 6 71 3 5 11 3 16 2 38
 71 3 5 11 3 16 2 6 15 5 11 2 16 4 3 11 2 14 30 6 33 2 3 23 11 15 32 23 10 10 28 30 6 31 15 11 18 6 8 23 4 6 44 14 32 4 2 2 6 50 3 16 2 6 52 23 15 10 12 2 4 44 14 6 13 10 23 16 15 5 38
 26 5 18 3 5 25 2 12 6 33 28 6 50 3 16 2 6 52 23 15 10 12 2 4
 71 3 5 11 3 16 2 6 15 14 6 8 5 10 28 6 16 2 11 11 15 5 16 6 33 2 11 11 2 4 6 32 4 8 7 6 18 2 4 2 38
 39 2 73 10 10 6 25 8 5 11 15 5 23 2 6 2 27 8 10 27 15 5 16 6 15 11 6 8 27 2 4 6 11 18 2 6 28 2 3 4 14 38
 71 3 5 11 3 16 2 6 18 3 14 6 33 2 2 5 6 3 4 8 23 5 12 6 32 8 4 6 3 6 31 18 15 10 2 6 5 8 31 30 6 3 5 12 6 15 5 6 11 18 3 11 6 11 15 7 2 6 31 2 73 27 2 6 33 2 2 5 6 3 33 10 2 6 11 8 6 4 2 32 15 5 2 6 15 11 6 15 5 11 8 6 3 6 4 8 25 29 6 14 8 10 15 12 6 39 8 4 12 50 4 2 14 14 6 11 18 2 7 2 38
 24 11 3 33 10 2 6 3 5 12 6 64 3 11 23 4 2
 36 8 23 6 25 3 5 6 31 3 11 25 18 6 31 18 3 11 73 14 6 18 3 13 13 2 5 15 5 16 6 31 15 11 18 6 15 11 14 6 12 2 27 2 10 8 13 7 2 5 11 6 3 5 12 6 2 27 2 5 6 7 3 29 2 6 25 8 5 11 4 15 33 23 11 15 8 5 14 6 28 8 23 4 14 2 10 32 38
 71 3 5 11 3 16 2 6 15 14 6 3 25 11 15 27 2 10 28 6 44 14 12 2 27 2 10 8 13 2 12 6 8 5 6 59 15 11 18 23 33 44 14 38
 56 2 27 2 10 8 13 2 12 6 8 5 6 59 15 11 18 23 33
 39 2 73 10 10 6 25 8 5 11 15 5 23 2 6 12 2 27 2 10 8 13 15 5 16 6 3 5 12 6 2 5 18 3 5 25 15 5 16 6 15 11 6 32 8 4 6 28 2 3 4 14 6 11 8 6 25 8 7 2 38
 71 3 5 11 3 16 2 6 15 14 6 3 6 25 8 7 13 10 2 11 2 10 28 6 32 4 2 2 6 39 8 4 12 50 4 2 14 14 6 11 18 2 7 2 38
 58 8 4 2 27 2 4 6 58 4 2 2
 41 14 13 3 5 6 25 10 3 14 14 42 43 33 28 10 15 5 2 43 45 6 33 28 6 44 14 41 46 14 13 3 5 45
 50 8 14 11 2 12 6 8 5 6 44 14
 35 8 5 11 15 5 23 2 6 4 2 3 12 15 5 16
 9 2 3 12 6 64 8 4 2 6 34 2 21 11
 24 18 8 31 6 11 18 2 6 13 8 14 11 6 11 3 16 14 6 33 2 10 8 31 6 11 18 2 6 14 15 5 16 10 2 6 13 8 14 11 38
 50 8 14 11 6 34 3 16 14
 24 18 8 31 6 11 18 2 6 13 8 14 11 6 25 3 11 2 16 8 4 15 2 14 6 33 2 10 8 31 6 11 18 2 6 14 15 5 16 10 2 6 13 8 14 11 38
 50 8 14 11 6 35 3 11 2 16 8 4 15 2 14
 24 18 8 31 6 11 18 2 6 5 23 7 33 2 4 6 8 32 6 25 8 7 7 2 5 11 14 6 23 5 12 2 4 6 11 18 2 6 13 8 14 11 6 11 15 11 10 2 38
 50 8 14 11 6 35 8 7 7 2 5 11 6 35 8 23 5 11
 24 18 8 31 6 11 18 2 6 13 8 14 11 6 3 23 11 18 8 4 6 23 5 12 2 4 6 11 18 2 6 13 8 14 11 6 11 15 11 10 2 38
 24 18 8 31 6 11 18 2 6 13 8 14 11 6 12 3 11 2 6 23 5 12 2 4 6 11 18 2 6 13 8 14 11 6 11 15 11 10 2 38
 24 18 8 31 6 11 18 2 6 13 8 14 11 6 7 2 11 3 12 3 11 3 6 23 5 12 2 4 6 11 18 2 6 13 8 14 11 6 11 15 11 10 2 38
 24 15 61 2 6 8 32 6 11 18 2 6 32 2 3 11 23 4 2 12 6 15 7 3 16 2 6 15 5 6 11 18 2 6 33 10 8 16 6 13 8 14 11 6 3 4 25 18 15 27 2 14 6 31 18 2 5 6 23 14 15 5 16 6 12 2 32 3 23 10 11 6 33 10 8 16 6 10 3 28 8 23 11 38
 35 18 8 8 14 2 6 11 18 2 6 10 3 28 8 23 11 6 11 8 6 33 2 6 23 14 2 12 6 8 5 6 33 10 8 16 6 3 5 12 6 3 4 25 18 15 27 2 6 13 3 16 2 14 38
 26 5 3 33 10 2 6 14 2 3 4 25 18 6 15 5 6 11 18 2 6 7 8 33 15 10 2 6 7 2 5 23 38
 58 8 4 25 2 6 50 3 16 2 6 52 23 15 10 12 2 4 6 4 8 31 14 6 31 15 11 18 6 14 11 28 10 2 14 6 11 8 6 33 2 6 32 23 10 10 6 31 15 12 11 18 38 6 82 5 10 28 6 5 2 25 2 14 14 3 4 28 6 32 8 4 6 10 2 16 3 25 28 6 4 2 3 14 8 5 14 38
 58 8 4 25 2 6 50 3 16 2 6 52 23 15 10 12 2 4 6 24 11 28 10 2 14 6 58 23 10 10 6 39 15 12 11 18
 24 18 8 13
 58 23 10 10 6 39 15 12 11 18 6 50 3 16 2
 58 23 10 10 6 39 15 12 11 18 6 50 3 16 2 30 6 20 8 6 34 15 11 10 2
 50 3 16 2 6 52 23 15 10 12 2 4 6 72 8 7 2
 64 8 4 2 6 53 33 8 23 11 6 71 3 5 11 3 16 2 6 50 4 2 7 15 23 7
 36 8 23 6 7 3 28 6 18 3 27 2 6 5 8 11 15 25 2 12 6 11 18 3 11 6 14 8 7 2 6 14 2 11 11 15 5 16 14 6 3 5 12 6 32 2 3 11 23 4 2 14 6 3 4 2 6 8 5 10 28 6 3 27 3 15 10 3 33 10 2 6 15 5 6 71 3 5 11 3 16 2 6 50 4 2 7 15 23 7 38 6 34 18 15 14 6 15 14 6 3 6 25 8 14 11 51 2 32 32 2 25 11 15 27 2 6 23 13 16 4 3 12 2 6 11 18 3 11 6 16 15 27 2 14 6 28 8 23 6 3 25 25 2 14 14 6 11 8 6 3 6 10 8 11 6 8 32 6 33 8 5 23 14 6 32 2 3 11 23 4 2 14 38 6 34 3 29 2 6 3 6 10 8 8 29 6 11 8 6 14 2 2 6 15 32 6 11 18 15 14 6 15 14 6 14 8 7 2 11 18 15 5 16 6 28 8 23 6 7 15 16 18 11 6 32 15 5 12 6 23 14 2 32 23 10 38
 35 18 2 25 29 6 82 23 11 6 71 3 5 11 3 16 2 6 50 4 2 7 15 23 7
 34 18 2 4 2 6 3 4 2 6 3 6 10 8 11 6 8 32 6 3 12 12 15 11 15 8 5 3 10 6 14 2 11 11 15 5 16 14 6 11 18 3 11 6 31 2 6 18 3 27 2 5 73 11 6 25 8 27 2 4 2 12 6 15 5 6 11 18 15 14 6 33 4 15 2 32 6 11 8 23 4 38 6 20 3 27 15 16 3 11 2 6 11 8 6 53 13 13 2 3 4 3 5 25 2 6 45 6 34 18 2 7 2 6 24 2 11 11 15 5 16 14 6 3 11 6 3 5 28 6 11 15 7 2 6 11 8 6 11 3 29 2 6 3 6 10 8 8 29 38 6 36 8 23 73 10 10 6 33 2 6 3 7 3 61 2 12 6 3 11 6 31 18 3 11 6 28 8 23 6 25 3 5 6 3 25 25 8 7 13 10 15 14 18 6 31 15 11 18 6 3 6 32 2 31 6 25 10 15 25 29 14 38
 53 12 12 15 11 15 8 5 3 10 6 24 2 11 11 15 5 16 14
 34 18 15 14 6 14 2 11 11 15 5 16 6 11 8 16 16 10 2 14 6 3 6 14 8 25 15 3 10 6 14 18 3 4 15 5 16 6 33 8 21 6 11 18 3 11 6 3 13 13 2 3 4 14 6 33 2 10 8 31 6 28 8 23 4 6 33 10 8 16 6 13 8 14 11 14 38 6 34 18 15 14 6 33 8 21 6 10 2 11 14 6 28 8 23 4 6 23 14 2 4 14 6 22 23 15 25 29 10 28 6 14 18 3 4 2 6 28 8 23 4 6 25 8 5 11 2 5 11 6 8 5 6 58 3 25 2 33 8 8 29 30 6 34 31 15 11 11 2 4 30 6 3 5 12 6 59 8 8 16 10 2 6 50 10 23 14 38
 26 5 3 33 10 2 6 50 8 14 11 6 24 18 3 4 15 5 16
 50 3 16 2 6 52 23 15 10 12 2 4 6 15 14 6 11 18 2 6 2 3 14 15 2 14 11 6 31 3 28 6 11 8 6 25 4 2 3 11 2 6 3 6 14 15 11 2 6 11 18 3 11 6 7 3 29 2 14 6 28 8 23 6 13 4 8 23 12 38 6 20 3 27 15 16 3 11 2 6 11 8 6 53 13 13 2 3 4 3 5 25 2 6 45 6 72 8 7 2 6 50 3 16 2 6 15 5 6 28 8 23 4 6 39 8 4 12 50 4 2 14 14 6 3 12 7 15 5 6 11 8 6 15 5 14 11 3 10 10 6 15 11 38 6 53 32 11 2 4 6 28 8 23 73 27 2 6 15 5 14 11 3 10 10 2 12 6 15 11 30 6 28 8 23 6 31 15 10 10 6 33 2 6 3 33 10 2 6 11 8 6 25 4 2 3 11 2 6 25 8 10 23 7 5 15 61 2 12 6 13 3 16 2 14 6 23 14 15 5 16 6 28 8 23 4 6 31 15 12 16 2 11 14 38
 34 18 2 6 18 8 7 2 6 13 3 16 2 6 14 10 15 12 2 4 6 15 14 6 3 6 16 4 2 3 11 6 13 10 3 25 2 6 11 8 6 14 18 8 31 6 8 32 32 6 28 8 23 4 6 15 7 3 16 2 14 6 8 4 6 33 4 3 5 12 15 5 16 6 7 2 14 14 3 16 2 38 6 36 8 23 73 10 10 6 5 2 2 12 6 11 8 6 15 5 14 11 3 10 10 6 64 2 11 3 6 24 10 15 12 2 4 6 11 8 6 25 4 2 3 11 2 6 3 5 28 6 5 2 31 6 14 10 15 12 2 4 14 38 6 82 5 25 2 6 28 8 23 6 12 8 30 6 11 18 2 6 14 10 15 12 2 4 14 6 31 15 10 10 6 14 18 8 31 6 23 13 6 15 5 6 11 18 15 14 6 12 4 8 13 6 12 8 31 5 6 10 15 14 11 38 6 58 8 4 6 5 8 31 30 6 28 8 23 6 25 3 5 6 74 23 14 11 6 12 15 14 3 33 10 2 6 11 18 2 6 12 2 32 3 23 10 11 6 14 10 15 12 2 4 6 23 5 11 15 10 6 28 8 23 6 25 4 2 3 11 2 6 28 8 23 4 6 8 31 5 38
 35 18 3 5 16 2 6 11 18 2 6 24 10 15 12 2 4
 34 18 2 6 18 2 3 12 2 4 6 11 2 21 11 30 6 31 18 15 25 18 6 33 28 6 12 2 32 3 23 10 11 6 4 2 3 12 14 6 43 35 3 10 10 6 64 2 30 6 64 3 28 33 2 40 43 6 15 14 6 3 6 16 4 2 3 11 6 13 10 3 25 2 6 11 8 6 3 12 12 6 28 8 23 4 6 14 15 11 2 6 14 10 8 16 3 5 6 8 4 6 25 8 5 11 3 25 11 6 12 2 11 3 15 10 14 38 6 36 8 23 6 25 3 5 6 3 10 14 8 6 8 27 2 4 31 4 15 11 2 6 11 18 15 14 6 3 4 2 3 6 2 5 11 15 4 2 10 28 6 33 28 6 3 12 12 15 5 16 6 31 15 12 16 2 11 14 6 11 8 6 11 18 2 6 18 2 3 12 2 4 6 31 15 12 16 2 11 6 3 4 2 3 38
 35 18 3 5 16 2 6 11 18 2 6 72 2 3 12 2 4 6 34 2 21 11
 71 3 5 11 3 16 2 6 14 23 13 13 8 4 11 14 6 11 31 8 6 12 15 32 32 2 4 2 5 11 6 10 3 28 8 23 11 14 49 6 33 8 21 2 12 6 3 5 12 6 32 23 10 10 51 31 15 12 11 18 38 6 58 23 10 10 51 31 15 12 11 18 6 15 14 6 11 18 2 6 12 2 32 3 23 10 11 6 14 2 11 11 15 5 16 30 6 33 23 11 6 15 11 6 15 14 6 13 8 14 14 15 33 10 2 6 11 18 3 11 6 33 8 21 2 12 6 31 15 10 10 6 16 15 27 2 6 28 8 23 6 3 6 10 8 8 29 6 28 8 23 6 13 4 2 32 2 4 38 6 52 8 21 2 12 6 3 10 14 8 6 16 15 27 2 14 6 28 8 23 6 3 25 25 2 14 14 6 11 8 6 11 18 2 6 25 23 14 11 8 7 6 33 3 25 29 16 4 8 23 5 12 6 32 2 3 11 23 4 2 38
 35 18 8 8 14 2 6 3 6 1 3 28 8 23 11
 53 6 4 2 11 15 5 3 6 10 8 16 8 6 15 14 6 3 6 12 8 23 33 10 2 51 14 15 61 2 12 6 27 2 4 14 15 8 5 6 8 32 6 28 8 23 4 6 14 11 3 5 12 3 4 12 6 10 8 16 8 38 6 71 3 5 11 3 16 2 6 12 15 14 13 10 3 28 14 6 11 18 15 14 6 27 2 4 14 15 8 5 6 8 32 6 28 8 23 4 6 10 8 16 8 6 11 8 6 23 14 2 4 14 6 31 15 11 18 6 18 15 16 18 6 13 15 21 2 10 6 12 2 5 14 15 11 28 6 12 15 14 13 10 3 28 14 38 6 35 23 4 4 2 5 11 10 28 30 6 11 18 2 14 2 6 3 4 2 6 7 8 14 11 6 25 8 7 7 8 5 6 8 5 6 7 8 33 15 10 2 6 12 2 27 15 25 2 14 30 6 33 23 11 6 11 18 2 28 6 3 4 2 6 14 11 3 4 11 15 5 16 6 11 8 6 15 5 32 15 10 11 4 3 11 2 6 12 2 14 29 11 8 13 6 12 2 27 15 25 2 14 6 11 8 8 38
 63 13 10 8 3 12 6 36 8 23 4 6 9 2 11 15 5 3 6 1 8 16 8
 34 18 2 6 32 15 4 14 11 6 14 11 2 13 6 11 8 6 7 3 29 15 5 16 6 28 8 23 4 6 14 15 11 2 6 23 5 15 22 23 2 10 28 6 28 8 23 4 6 8 31 5 6 15 14 6 11 8 6 23 13 10 8 3 12 6 28 8 23 4 6 25 23 14 11 8 7 6 10 8 16 8 38 6 35 18 8 8 14 2 6 3 6 10 8 16 8 6 15 7 3 16 2 6 33 2 10 8 31 30 6 3 5 12 6 15 11 6 31 15 10 10 6 4 2 13 10 3 25 2 6 11 18 2 6 13 10 3 15 5 51 11 2 21 11 6 14 15 11 2 6 11 15 11 10 2 38 6 53 5 28 6 14 15 61 2 6 31 15 10 10 6 31 8 4 29 30 6 33 23 11 6 31 2 6 4 2 25 8 7 7 2 5 12 6 11 18 3 11 6 28 8 23 6 23 14 2 6 3 6 14 7 3 10 10 2 4 6 27 2 4 14 15 8 5 6 8 32 6 28 8 23 4 6 10 8 16 8 38
 63 13 10 8 3 12 6 36 8 23 4 6 1 8 16 8
 71 3 5 11 3 16 2 6 15 14 6 3 6 13 8 31 2 4 32 23 10 30 6 7 23 10 11 15 13 23 4 13 8 14 2 6 11 18 2 7 2 38 6 34 18 15 14 6 22 23 15 25 29 6 11 8 23 4 6 31 15 10 10 6 16 23 15 12 2 6 28 8 23 6 11 18 4 8 23 16 18 6 14 8 7 2 6 8 32 6 11 18 2 6 33 3 14 15 25 6 14 2 11 23 13 6 3 5 12 6 32 2 3 11 23 4 2 14 38
 39 2 10 25 8 7 2 6 11 8 6 71 3 5 11 3 16 2
 56 2 7 8 6 24 10 15 12 2
 24 2 3 4 25 18
 24 2 3 4 25 18 6 9 2 14 23 10 11 14 6 32 8 4 49 6 44 14
 53 6 41 3 6 18 4 2 32 42 43 44 14 43 45 24 15 11 2 82 4 15 16 15 5 41 46 3 45 6 34 18 2 7 2
 62 11 6 14 2 2 7 14 6 31 2 6 25 3 5 17 4 14 22 23 8 19 11 6 32 15 5 12 6 31 18 3 11 6 28 8 23 17 4 14 22 23 8 19 4 2 6 10 8 8 29 15 5 16 6 32 8 4 38 6 50 2 4 18 3 13 14 6 14 2 3 4 25 18 15 5 16 6 25 3 5 6 18 2 10 13 38
 24 8 4 4 28 30 6 33 23 11 6 5 8 11 18 15 5 16 6 7 3 11 25 18 2 12 6 28 8 23 4 6 14 2 3 4 25 18 6 11 2 4 7 14 38 6 50 10 2 3 14 2 6 11 4 28 6 3 16 3 15 5 6 31 15 11 18 6 14 8 7 2 6 12 15 32 32 2 4 2 5 11 6 29 2 28 31 8 4 12 14 38
 9 2 3 12 28 6 11 8 6 13 23 33 10 15 14 18 6 28 8 23 4 6 32 15 4 14 11 6 13 8 14 11 40 6 41 3 6 18 4 2 32 42 43 44 65 75 14 43 45 59 2 11 6 14 11 3 4 11 2 12 6 18 2 4 2 41 46 3 45 38
 20 8 11 18 15 5 16 6 58 8 23 5 12
 50 8 14 11
 50 8 14 11 6
 50 4 2 27 15 8 23 14
 20 2 21 11
 82 13 2 5 6 15 5 6 20 2 31 6 39 15 5 12 8 31
 9 24 24
 59 8 8 16 10 2 6 50 10 23 14
 34 31 15 11 11 2 4
 58 3 25 2 33 8 8 29
 53 12 12 6 5 15 25 2 6 10 15 11 11 10 2 6 15 25 8 5 14 6 11 18 3 11 6 10 15 5 29 6 8 23 11 6 11 8 6 28 8 23 4 6 14 8 25 15 3 10 6 7 2 12 15 3 6 13 4 8 32 15 10 2 14 38
 71 3 5 11 3 16 2 6 24 8 25 15 3 10 6 64 2 12 15 3
 24 23 33 6 72 2 3 12 10 15 5 2
 72 2 3 12 10 15 5 2
 53 6 10 8 27 2 10 28 6 33 15 16 6 18 2 3 12 10 15 5 2 38
 71 3 5 11 3 16 2 6 72 2 3 12 10 15 5 2
 24 18 8 31 6 52 8 21 6 35 8 5 11 3 15 5 2 4
 1 15 5 29 6 11 15 11 10 2 6 3 5 12 6 15 25 8 5 6 11 8 6 43 64 8 4 2 6 63 9 1 43
 64 8 4 2 6 63 9 1
 64 8 4 2 6 34 2 21 11
 64 2 12 15 23 7
 24 7 3 10 10
 62 25 8 5 6 24 15 61 2
 9 15 16 18 11
 1 2 32 11
 52 8 11 11 8 7
 34 8 13
 62 25 8 5 6 50 8 14 15 11 15 8 5
 35 15 4 25 10 2 6 52 3 25 29 16 4 8 23 5 12 6 62 7 3 16 2 6 63 9 1
 62 25 8 5 6 52 3 25 29 16 4 8 23 5 12 6 35 8 10 8 4
 62 25 8 5
 34 2 21 11
 34 15 11 10 2
 64 8 4 2 6 62 5 32 8
 53 5 6 15 25 8 5 6 15 5 6 3 6 25 15 4 25 10 2 6 31 15 11 18 6 14 8 7 2 6 11 2 21 11 6 33 2 5 2 3 11 18 6 15 11
 35 15 4 25 10 2 6 62 25 8 5
 50 8 14 11 2 12 6 15 5 6 44 65 75 14 38
 50 8 14 11 2 12 6 15 5 6 44 65 75 14 6 3 5 12 6 11 3 16 16 2 12 6 44 66 75 14 38
 41 14 11 4 8 5 16 45 34 3 16 16 2 12 41 46 14 11 4 8 5 16 45 6 44 66 75 14 38
 30 6
 53 4 25 18 15 27 2 14
 44 14 49 6 44 14
 36 2 3 4 10 28 6 53 4 25 18 15 27 2 14 49 6 44 14
 64 8 5 11 18 10 28 6 53 4 25 18 15 27 2 14 49 6 44 14
 56 3 15 10 28 6 53 4 25 18 15 27 2 14 49 6 44 14
 53 23 11 18 8 4 6 53 4 25 18 15 27 2 14 49 6 44 14
 34 3 16 6 53 4 25 18 15 27 2 14 49 6 44 14
 35 3 11 2 16 8 4 28 6 53 4 25 18 15 27 2 14 49 6 44 14
 44 14 6 1 8 16 8
 71 15 2 31 6 3 10 10 6 13 8 14 11 14 6 33 28 6 44 14
 36 8 23 4 6 25 8 7 7 2 5 11 6 15 14 6 3 31 3 15 11 15 5 16 6 7 8 12 2 4 3 11 15 8 5 38
 44 65 75 14 6 3 11 6 44 66 75 14
 69 26 12 15 11 70
 50 15 5 16 33 3 25 29 49
 17 4 3 4 4 19
 17 10 3 4 4 19
 50 8 14 11 6 5 3 27 15 16 3 11 15 8 5
 35 3 10 10 6 7 2 47 6 64 3 28 33 2 40
 26 5 22 23 2 23 2 6 37 3 27 3 24 25 4 15 13 11 6 32 15 10 2 14 6 15 5 6 11 18 2 6 32 8 8 11 2 4 30 6 15 32 6 13 8 14 14 15 33 10 2 38
 26 5 22 23 2 23 2 6 37 3 27 3 24 25 4 15 13 11 6 15 5 6 58 8 8 11 2 4
 34 2 21 11 6 12 15 14 13 10 3 28 2 12 6 15 5 6 28 8 23 4 6 32 8 8 11 2 4 38 6 97 14 15 11 2 51 11 15 11 10 2 98 30 6 97 25 8 13 28 4 15 16 18 11 98 6 3 5 12 6 97 28 2 3 4 98 6 31 15 10 10 6 33 2 6 4 2 13 10 3 25 2 12 6 31 15 11 18 6 28 8 23 4 6 31 2 33 14 15 11 2 6 11 15 11 10 2 30 6 3 6 25 8 13 28 4 15 16 18 11 6 14 28 7 33 8 10 6 3 5 12 6 11 18 2 6 25 23 4 4 2 5 11 6 28 2 3 4 38
 24 15 11 2 6 62 5 32 8 4 7 3 11 15 8 5 6 34 2 21 11
 90 2 2 13 6 28 8 23 4 6 25 8 5 27 2 4 14 3 11 15 8 5 14 6 32 10 8 31 15 5 16 6 31 15 11 18 6 3 74 3 21 6 25 8 7 7 2 5 11 14 38
 53 74 3 21 6 35 8 7 7 2 5 11 14
 24 18 8 31 6 3 5 6 3 23 11 18 8 4 6 33 8 21 6 33 2 10 8 31 6 2 3 25 18 6 33 10 8 16 6 13 8 14 11 38
 53 23 11 18 8 4 6 52 8 21
 24 7 3 10 10 6 62 25 8 5
 1 3 4 16 2
 58 2 3 11 23 4 2 12 6 62 7 3 16 2 6 34 28 13 2
 24 18 8 31 6 11 18 2 6 32 2 3 11 23 4 2 12 6 15 7 3 16 2 6 8 5 6 3 6 13 8 14 11 6 14 15 5 16 10 2 6 13 3 16 2 38
 58 2 3 11 23 4 2 12 6 62 7 3 16 2
 50 8 14 11 6 56 3 11 2
 50 8 14 11 6 53 23 11 18 8 4
 56 15 14 13 10 3 28
 50 8 14 11 6 64 2 11 3 12 3 11 3
 35 18 8 8 14 2 6 18 8 31 6 11 8 6 12 15 14 13 10 3 28 6 13 8 14 11 14 6 8 5 6 13 8 14 11 6 3 4 25 18 15 27 2 6 31 18 2 5 6 23 14 15 5 16 6 12 2 32 3 23 10 11 6 33 10 8 16 6 10 3 28 8 23 11 38
 50 8 14 11 6 26 21 25 2 4 13 11
 58 23 10 10 6 50 8 14 11
 50 8 14 11 6 35 8 5 11 2 5 11
 52 10 8 16 6 53 4 25 18 15 27 2 6 1 3 28 8 23 11
 24 11 4 2 11 25 18 6 11 18 2 6 18 8 7 2 6 13 3 16 2 6 14 10 15 12 2 4 6 11 8 6 11 18 2 6 31 15 12 11 18 6 8 32 6 11 18 2 6 14 25 4 2 2 5 6 15 32 6 23 14 15 5 16 6 11 18 2 6 32 23 10 10 6 31 15 12 11 18 6 10 3 28 8 23 11 38
 24 11 4 2 11 25 18
 24 11 4 2 11 25 18 6 72 8 7 2 6 24 10 15 12 2 4
 34 18 15 14 6 11 18 2 7 2 6 14 23 13 13 8 4 11 14 6 41 3 6 18 4 2 32 42 43 44 14 43 6 11 3 4 16 2 11 42 43 55 33 10 3 5 29 43 45 64 2 11 3 6 24 10 15 12 2 4 41 46 3 45 38 6 41 3 6 18 4 2 32 42 43 44 14 43 45 62 5 14 11 3 10 10 6 15 11 41 46 3 45 6 32 8 4 6 32 4 2 2 6 11 8 6 25 4 2 3 11 2 6 33 2 3 23 11 15 32 23 10 6 4 2 14 13 8 5 14 15 27 2 6 14 10 15 12 2 4 14 6 51 6 41 3 6 18 4 2 32 42 43 44 14 43 6 11 3 4 16 2 11 42 43 55 33 10 3 5 29 43 45 64 8 4 2 6 62 5 32 8 41 46 3 45
 72 8 7 2 6 50 3 16 2 6 24 10 15 12 2 4
 26 5 3 33 10 2 14 6 24 11 15 25 29 28 6 64 2 5 23 6 3 5 12 6 24 25 4 8 10 10 6 34 8 6 34 8 13 6 32 8 4 6 7 8 33 15 10 2 6 12 2 27 15 25 2 14 38
 64 8 33 15 10 2 6 20 3 27 15 16 3 11 15 8 5
 56 15 14 13 10 3 28 6 18 8 7 2 6 15 25 8 5 6 32 8 4 6 18 8 7 2 6 13 3 16 2 6 7 2 5 23 6 10 15 5 29 14 38
 72 8 7 2 6 50 3 16 2 6 62 25 8 5
 56 15 14 13 10 3 28 6 5 2 21 11 46 13 4 2 27 15 8 23 14 6 13 8 14 11 6 5 3 27 15 16 3 11 15 8 5 38
 50 8 14 11 6 20 3 27 15 16 3 11 15 8 5
 56 15 14 13 10 3 28 6 3 6 14 25 4 8 10 10 51 11 8 51 11 8 13 6 33 23 11 11 8 5 6 31 18 2 5 6 3 6 23 14 2 4 6 14 25 4 8 10 10 14 6 12 8 31 5 38
 56 15 14 13 10 3 28 6 24 25 4 8 10 10 6 34 8 6 34 8 13
 56 15 14 13 10 3 28 6 3 6 14 2 3 4 25 18 6 15 5 6 11 18 2 6 7 3 15 5 6 7 2 5 23 38
 24 2 3 4 25 18 6 15 5 6 64 2 5 23
 24 11 15 25 29 14 6 11 18 2 6 7 2 5 23 6 11 8 6 11 18 2 6 11 8 13 6 8 32 6 11 18 2 6 14 25 4 2 2 5 6 31 18 2 5 6 3 6 23 14 2 4 6 14 25 4 8 10 10 14 6 12 8 31 5 38
 24 11 15 25 29 28 6 64 2 5 23
 34 18 2 6 33 23 11 11 8 5 6 23 14 2 12 6 32 8 4 6 11 18 2 6 7 8 33 15 10 2 6 7 2 5 23 38
 63 14 2 6 3 6 14 13 2 25 15 3 10 6 7 8 33 15 10 2 6 7 2 5 23 6 32 8 4 6 14 7 3 10 10 6 14 25 4 2 2 5 6 12 2 27 15 25 2 14 38
 35 18 3 5 16 2 6 31 18 15 25 18 6 32 8 8 11 2 4 6 3 4 2 3 6 10 3 28 8 23 11 6 28 8 23 73 4 2 6 23 14 15 5 16 38
 58 8 8 11 2 4 6 1 3 28 8 23 11
 35 18 8 8 14 2 6 18 8 31 6 11 18 2 6 7 3 14 11 18 2 3 12 6 7 2 5 23 6 15 14 6 12 15 14 13 10 3 28 2 12 38
 64 3 14 11 18 2 3 12 6 64 2 5 23
 35 18 3 5 16 2 6 31 18 15 25 18 6 18 2 3 12 2 4 6 3 4 2 3 6 10 3 28 8 23 11 6 28 8 23 73 4 2 6 23 14 15 5 16 38
 64 3 14 11 18 2 3 12 6 1 3 28 8 23 11
 35 18 3 5 16 2 6 11 18 2 6 31 15 12 11 18 6 8 32 6 11 18 2 6 33 8 23 5 12 15 5 16 6 33 8 21 38
 58 23 10 10 6 39 15 12 11 18
 52 8 21 2 12
 1 3 28 8 23 11 6 52 8 23 5 12
 62 5 25 10 23 12 2 6 58 15 11 71 15 12 14 38 74 14 6 32 10 23 15 12 6 2 7 33 2 12 12 2 12 6 27 15 12 2 8 6 10 3 28 8 23 11 14 38
 26 5 3 33 10 2 6 58 15 11 71 15 12 14 38 74 14
 24 25 3 10 2 6 28 8 23 4 6 10 3 28 8 23 11 6 32 8 4 6 14 7 3 10 10 6 14 25 4 2 2 5 6 12 2 27 15 25 2 14 38
 9 2 14 13 8 5 14 15 27 2 6 1 3 28 8 23 11
 62 32 6 2 5 3 33 10 2 12 30 6 18 2 3 12 2 4 6 31 15 12 16 2 11 14 6 31 8 5 73 11 6 8 27 2 4 10 3 13 6 7 3 15 5 6 10 8 16 8 6 15 7 3 16 2 38
 20 8 6 39 15 12 16 2 11 6 82 27 2 4 10 3 28
 72 2 3 12 2 4 6 34 2 21 11
 53 6 12 8 23 33 10 2 6 14 15 61 2 12 6 27 2 4 14 15 8 5 6 8 32 6 28 8 23 4 6 10 8 16 8 6 32 8 4 6 4 2 11 15 5 3 6 12 15 14 13 10 3 28 14 38 6 64 23 14 11 6 33 2 6 23 14 2 12 6 15 5 6 3 12 12 15 11 15 8 5 6 11 8 6 14 11 3 5 12 3 4 12 6 10 8 16 8 38
 9 2 11 15 5 3 6 1 8 16 8
 39 18 2 5 6 23 14 15 5 16 6 11 18 2 6 43 10 8 16 8 6 15 5 6 7 2 5 23 43 6 7 3 14 11 18 2 3 12 6 10 3 28 8 23 11 30 6 25 8 5 14 11 4 3 15 5 6 11 18 2 6 10 8 16 8 6 14 15 61 2 6 11 8 6 32 15 11 6 11 18 2 6 7 2 5 23 6 18 2 15 16 18 11 38
 36 2 14
 35 8 5 14 11 4 3 15 5 6 1 8 16 8 6 72 2 15 16 18 11
 36 8 23 4 6 8 31 5 6 25 23 14 11 8 7 6 10 8 16 8 38
 24 2 11 6 1 8 16 8
 35 18 8 8 14 2 6 62 7 3 16 2
 1 8 16 8 6 62 7 3 16 2
 59 2 5 2 4 3 10
 24 8 25 15 3 10
 52 10 8 16
 20 3 27 15 16 3 11 15 8 5
 72 8 7 2
 1 3 28 8 23 11
 1 8 16 8
 71 3 5 11 3 16 2 6 39 15 12 16 2 11 14
 20 8 6 52 8 11 11 8 7 6 64 3 4 16 15 5
 9 2 13 2 3 11 6 52 3 25 29 16 4 8 23 5 12 6 62 7 3 16 2
 52 3 25 29 16 4 8 23 5 12 6 62 7 3 16 2 6 63 9 1
 52 3 25 29 16 4 8 23 5 12 6 35 8 10 8 4
 52 8 11 11 8 7 6 52 8 4 12 2 4 6 35 8 10 8 4
 34 8 13 6 52 8 4 12 2 4 6 35 8 10 8 4
 39 15 12 2 6 59 4 2 28
 34 18 2 4 2 6 3 4 2 6 3 6 10 8 11 6 8 32 6 31 15 12 16 2 11 14 6 33 23 5 12 10 2 12 6 31 15 11 18 6 50 3 16 2 6 52 23 15 10 12 2 4 38 6 36 8 23 6 25 3 5 6 23 14 2 6 11 18 2 7 6 11 8 6 33 4 15 5 16 6 28 8 23 4 6 13 3 16 2 14 6 11 8 6 10 15 32 2 38
 1 3 11 2 14 11 6 50 8 14 11 14
 36 8 23 6 25 3 5 6 25 23 14 11 8 7 15 61 2 6 15 11 6 3 5 12 6 13 23 11 6 15 11 6 31 18 2 4 2 6 2 27 2 4 6 28 8 23 6 31 3 5 11
 34 18 15 14 6 62 14 6 53 6 72 2 3 12 10 15 5 2 6 39 15 12 16 2 11
 34 2 14 11 6 52 23 11 11 8 5
 52 23 15 10 12 15 5 16 6 28 8 23 4 6 13 3 16 2 14 6 23 14 15 5 16 6 3 6 12 4 3 16 6 3 5 12 6 12 4 8 13 6 13 3 16 2 6 33 23 15 10 12 2 4 6 15 14 6 3 6 16 4 2 3 11 6 2 21 13 2 4 15 2 5 25 2 6 11 18 3 11 6 31 15 10 10 6 14 3 27 2 6 28 8 23 6 11 15 7 2 38 6 34 15 7 2 6 15 14 6 27 3 10 23 3 33 10 2 38 6 56 8 5 73 11 6 31 3 14 11 2 6 15 11 38
 24 3 27 2 14 6 36 8 23 6 34 15 7 2
 26 21 3 7 13 10 2 6 52 23 11 11 8 5
 34 18 15 14 6 31 15 12 16 2 11 6 23 14 2 14 6 58 8 5 11 53 31 2 14 8 7 2 6 51 6 16 15 27 15 5 16 6 28 8 23 6 18 23 5 12 4 2 12 14 6 8 32 6 15 25 8 5 14 38 6 82 4 6 28 8 23 6 25 8 23 10 12 6 12 15 14 3 33 10 2 6 11 18 2 6 15 25 8 5 6 3 5 12 6 23 14 2 6 28 8 23 4 6 8 31 5 6 15 7 3 16 2 6 15 7 3 16 2 38 6 59 4 2 3 11 6 32 8 4 6 11 2 14 11 15 7 8 5 15 3 10 14 38
 1 8 3 12 14 6 8 32 6 62 25 8 5 14
 24 11 3 4 11 6 26 12 15 11 15 5 16
 36 8 23 6 25 3 5 6 2 12 15 11 6 11 18 15 14 6 18 8 7 2 6 13 3 16 2 6 23 14 15 5 16 6 8 23 4 6 32 4 2 2 30 6 12 4 3 16 6 3 5 12 6 12 4 8 13 6 50 3 16 2 6 52 23 15 10 12 2 4 30 6 8 4 6 14 15 7 13 10 28 6 12 15 14 3 33 10 2 6 15 11 6 11 8 6 32 3 10 10 6 33 3 25 29 6 11 8 6 3 6 14 11 3 5 12 3 4 12 6 33 10 8 16 38 6 62 11 73 14 6 3 6 13 8 31 2 4 32 23 10 6 13 3 16 2 6 33 23 15 10 12 15 5 16 6 2 21 13 2 4 15 2 5 25 2 38
 26 12 15 11 3 33 10 2 6 72 8 7 2 6 50 3 16 2
 56 2 32 3 23 10 11 6 72 8 7 2
 24 15 11 2 82 4 15 16 15 5 6 50 3 16 2 6 52 23 15 10 12 2 4
 62 5 14 11 3 10 10 6 50 3 16 2 6 52 23 15 10 12 2 4
 62 5 14 11 3 10 10
 72 8 7 2 6 50 3 16 2
 35 23 14 11 8 7 6 72 8 7 2 6 50 3 16 2 6 52 23 15 10 12 2 4
 50 3 16 2 6 52 23 15 10 12 2 4
 62 5 14 11 3 10 10 6 50 3 16 2 6 52 23 15 10 12 2 4 6 50 10 23 16 15 5
 24 11 4 2 11 25 18 6 50 3 16 2 6 64 2 11 3 6 24 10 15 12 2 4
 56 15 14 13 10 3 28 6 50 3 16 2 6 64 2 11 3 6 24 10 15 12 2 4
 50 3 16 2 6 64 2 11 3 6 24 10 15 12 2 4
 71 3 5 11 3 16 2 6 69 58 10 2 21 70
 64 2 5 23 6 62 25 8 5
 24 10 15 12 2 4
 50 3 16 2 6 44 14
 20 2 21 11 6 17 4 3 4 4 19
 17 10 3 4 4 19 6 50 4 2 27 15 8 23 14
 52 3 25 29 6 34 8 6 34 8 13
 72 2 3 12 2 4
 58 8 8 11 2 4
 24 15 12 2 33 3 4
 50 4 15 7 3 4 28 6 64 2 5 23
 64 2 12 15 25 3 10 6 62 25 8 5 14
 52 4 3 5 12 6 62 25 8 5 14
 71 15 12 2 8 6 50 10 3 28 2 4 6 62 25 8 5 14
 56 15 4 2 25 11 15 8 5 3 10 6 62 25 8 5 14
 34 2 21 11 6 26 12 15 11 8 4 6 62 25 8 5 14
 35 23 4 4 2 5 25 28 6 62 25 8 5 14
 35 18 3 4 11 6 62 25 8 5 14
 50 3 28 7 2 5 11 6 62 25 8 5 14
 58 8 4 7 6 35 8 5 11 4 8 10 6 62 25 8 5 14
 24 13 15 5 5 2 4 6 62 25 8 5 14
 58 15 10 2 6 34 28 13 2 6 62 25 8 5 14
 39 2 33 6 53 13 13 10 15 25 3 11 15 8 5 6 62 25 8 5 14
 26 12 15 11
 34 18 2 7 2 6 24 2 11 11 15 5 16 14
 35 10 8 14 2
 62 5 14 11 3 10 10 15 5 16 6 44 14
 62 5 14 11 3 10 10 6 34 18 2 7 2 6 50 10 23 16 15 5
 24 10 15 12 2 4 49 6
 56 2 7 8 6 24 10 15 12 2 4
 20 8 5 2
 52 15 16 6 72 2 3 12 10 15 5 2
 52 3 14 15 25 6 9 15 16 18 11
 53 5 6 53 25 11 15 8 5 6 52 23 11 11 8 5
 34 18 15 14 6 15 14 6 34 18 2 6 24 2 25 8 5 12
 34 18 15 14 6 62 14 6 34 18 2 6 58 15 4 14 11 6 1 15 5 2
 52 3 14 15 25 6 1 2 32 11
 50 2 4 7 3 10 15 5 29 6 11 8 6 44 14
 50 3 16 2 14 49
 35 8 5 11 15 5 23 2 6 4 2 3 12 15 5 16 6 41 14 13 3 5 6 25 10 3 14 14 42 43 7 2 11 3 51 5 3 27 43 45 17 4 3 4 4 19 41 46 14 13 3 5 45
 35 8 7 7 2 5 11 14 6 3 4 2 6 25 10 8 14 2 12 38
 20 2 31 2 4 6 35 8 7 7 2 5 11 14 6 17 4 3 4 4 19
 17 10 3 4 4 19 6 82 10 12 2 4 6 35 8 7 7 2 5 11 14
 35 8 7 7 2 5 11 6 5 3 27 15 16 3 11 15 8 5
 34 4 28 6 10 8 8 29 15 5 16 6 15 5 6 11 18 2 6 7 8 5 11 18 10 28 6 3 4 25 18 15 27 2 14 38
 64 8 14 11 6 63 14 2 12 6 35 3 11 2 16 8 4 15 2 14
 62 11 6 10 8 8 29 14 6 10 15 29 2 6 5 8 11 18 15 5 16 6 31 3 14 6 32 8 23 5 12 6 3 11 6 11 18 15 14 6 10 8 25 3 11 15 8 5 38 6 64 3 28 33 2 6 11 4 28 6 8 5 2 6 8 32 6 11 18 2 6 10 15 5 29 14 6 33 2 10 8 31 6 8 4 6 3 6 14 2 3 4 25 18 40
 34 18 3 11 6 13 3 16 2 6 25 3 5 73 11 6 33 2 6 32 8 23 5 12 38
 18 11 11 13 14 49 46 46 14 15 11 2 8 4 15 16 15 5 38 25 8 7 46
 24 15 11 2 82 4 15 16 15 5
 18 11 11 13 14 49 46 46 14 15 11 2 8 4 15 16 15 5 38 25 8 7 46 11 18 2 7 2 46 27 3 5 11 3 16 2 46
