 82 11 6 16 11 21 18
 5 12 8 6 8 4 17 18 4 36 66 3 28 27 18 17 11
 5 12 8 6 8 4 17 18 4 12 18 9 9 11 9 4 18 19 4 10 18 6 66 4 10 14 35 13 19
 5 12 8 6 8 4 17 18 19 4 10 18 6 66 4 10 14 35 13 19
 5 12 8 6 8 3
 37 33 16 27 19 8 3 4 17 18 4 19 8 3 4 56 13 17 21 18 16 3 4 17 18 19 4 18 6 12 11 36 18 32 11 17 8
 15 19 4 6 66 10 18 9 8 4 17 18 4 12 8 19 27 10 6 11 3 4 28 27 18 4 3 18 4 10 8 3 16 9 11 9 2 6 4 12 27 11 6 17 8 4 3 18 4 18 3 16 11 36 19 18 32 12 11 4 18 19 4 17 13 3 18 60 8 4 17 18 4 11 9 12 23 13 35 8 4 18 6 4 12 27 11 17 9 33 12 27 19 11 40
 42 66 10 18 9 8 4 17 18 4 12 8 19 27 10 6 11 3 4 17 18 4 19 8 3 4 11 9 12 23 13 35 8 3 4 18 6 4 12 27 11 17 9 33 12 27 19 11
 15 19 4 6 66 10 18 9 8 4 17 18 4 12 8 19 27 10 6 11 3 4 28 27 18 4 3 18 4 10 8 3 16 9 11 9 2 6 4 12 27 11 6 17 8 4 3 18 4 18 3 16 11 36 19 18 32 12 11 4 18 19 4 17 13 3 18 60 8 4 17 18 4 11 9 12 23 13 35 8 4 17 18 4 13 12 8 6 8 3 4 12 13 9 12 27 19 11 9 18 3 40
 42 66 10 18 9 8 4 17 18 4 12 8 19 27 10 6 11 3 4 17 18 4 19 8 3 4 11 9 12 23 13 35 8 3 4 12 8 6 4 13 12 8 6 8 3 4 9 18 17 8 6 17 8 3
 15 19 4 18 6 19 11 12 18 4 3 18 4 10 27 18 3 16 9 11 4 12 27 11 6 17 8 4 3 18 4 17 13 35 13 17 18 4 18 19 4 12 8 6 16 18 6 13 17 8 4 17 18 19 4 11 9 16 33 12 27 19 8 4 27 16 13 19 13 32 11 6 17 8 4 19 11 4 18 16 13 28 27 18 16 11 4 9 2 24 13 17 11 4 48 10 2 3 48 4 8 4 12 27 11 6 17 8 4 3 18 4 11 12 16 13 35 11 4 18 19 4 36 8 16 14 6 4 19 18 18 9 4 10 2 3 40
 1 8 3 16 9 11 9 4 18 19 4 36 8 16 14 6 4 19 18 18 9 4 10 2 3 4 12 27 11 6 17 8 4 15 43 16 9 11 12 16 8 4 17 18 19 4 65 9 16 33 12 27 19 8 4 18 3 16 44 4 3 18 19 18 12 12 13 8 6 11 17 8 40
 29 8 16 14 6 4 17 18 4 61 18 18 9 4 1 2 3
 26 13 4 6 8 4 3 18 4 11 21 9 18 21 11 4 27 6 4 18 43 16 9 11 12 16 8 4 17 18 4 11 9 16 33 12 27 19 8 34 4 3 18 4 21 18 6 18 9 11 9 2 4 27 6 8 40 4 41 20 27 2 6 16 11 3 4 24 11 19 11 36 9 11 3 4 17 18 36 18 9 33 11 6 4 3 18 9 45 4 26 14 19 8 4 11 24 19 13 12 11 36 19 18 4 3 13 4 3 18 4 23 11 4 3 18 19 18 12 12 13 8 6 11 17 8 4 15 43 16 9 11 12 16 8 4 17 18 4 11 9 16 33 12 27 19 8 3 4 18 6 4 19 8 3 4 11 31 27 3 16 18 3 4 17 18 19 4 20 8 6 16 18 6 13 17 8 4 17 18 4 11 9 16 33 12 27 19 8 3 40
 61 8 6 21 13 16 27 17 4 17 18 19 4 18 43 16 9 11 12 16 8
 20 8 19 8 9 4 17 18 19 4 36 8 9 17 18 4 17 18 19 4 36 8 16 14 6 4 17 18 4 7 13 6 11 19 13 32 11 9 4 12 8 10 24 9 11
 20 8 19 8 9 4 17 18 19 4 36 8 16 14 6 4 17 18 4 7 13 6 11 19 13 32 11 9 4 12 8 10 24 9 11
 20 8 19 8 9 4 17 18 4 7 8 6 17 8 4 17 18 19 4 36 8 16 14 6 4 17 18 4 7 13 6 11 19 13 32 11 9 4 12 8 10 24 9 11
 26 8 10 36 9 11 4 17 18 19 4 36 8 16 14 6
 26 8 10 36 9 11 4 17 18 19 4 16 18 43 16 8 4 17 18 19 4 36 8 16 14 6
 20 8 19 8 9 4 17 18 19 4 36 8 9 17 18 4 17 18 19 4 36 8 16 14 6
 20 8 19 8 9 4 17 18 19 4 36 8 16 14 6
 20 8 19 8 9 4 17 18 4 7 8 6 17 8 4 17 18 19 4 36 8 16 14 6
 29 8 16 8 6 18 3
 67 18 18 10 24 19 11 32 11 4 18 19 4 19 8 21 8 16 13 24 8 4 52 4 19 11 4 12 11 36 18 12 18 9 11 4 18 6 4 18 19 4 2 9 18 11 4 17 18 19 4 56 13 17 21 18 16
 15 6 12 11 36 18 32 11 17 8
 26 18 4 10 27 18 3 16 9 11 4 11 4 19 11 4 17 18 9 18 12 23 11 4 17 18 19 4 19 8 21 8 40
 26 18 4 10 27 18 3 16 9 11 4 17 18 36 11 31 8 4 17 18 19 4 2 9 18 11 4 17 18 4 12 8 6 16 18 6 13 17 8 40
 26 18 4 10 27 18 3 16 9 11 4 18 6 4 24 2 21 13 6 11 3 4 17 18 4 58 8 8 20 8 10 10 18 9 12 18 40
 26 18 4 10 27 18 3 16 9 11 4 11 4 19 11 4 17 18 9 18 12 23 11 4 8 4 11 4 19 11 4 13 32 28 27 13 18 9 17 11 4 17 18 19 4 2 9 18 11 4 17 18 4 12 8 6 16 18 6 13 17 8 40
 26 14 19 8 4 3 18 4 11 24 19 13 12 11 4 3 13 4 3 18 4 23 11 4 18 3 16 11 36 19 18 12 13 17 8 4 27 6 11 4 13 10 11 21 18 6 4 17 18 4 19 8 21 8 16 13 24 8 40
 1 8 3 16 9 11 9 4 18 19 4 16 33 16 27 19 8 4 17 18 19 4 3 13 16 13 8 4 31 27 6 16 8 4 11 19 4 19 8 21 8 16 13 24 8
 26 13 16 18 75 9 13 21 13 6 4 54 9 18 10 13 27 10
 65 12 16 27 11 19 10 18 6 16 18 4 18 3 16 2 3 4 18 31 18 12 27 16 11 6 17 8 4 19 11 4 35 18 9 3 13 14 6 4 21 9 11 16 27 13 16 11 4 17 18 4 49 3 34 4 24 18 9 8 4 16 13 18 6 18 3 4 27 6 4 6 66 10 18 9 8 4 17 18 4 24 18 17 13 17 8 4 54 9 18 10 13 27 10 4 13 6 21 9 18 3 11 17 8 40 4 49 3 30 18 3 12 11 9 21 11 49 3 4 19 11 4 35 18 9 3 13 14 6 4 54 9 18 10 13 27 10 4 52 4 49 3 19 18 18 4 19 11 3 4 13 6 3 16 9 27 12 12 13 8 6 18 3 49 3 4 3 8 36 9 18 4 12 8 10 8 4 11 12 16 27 11 19 13 32 11 9 40 4 49 3 30 18 3 12 11 9 16 11 9 49 3 4 18 3 16 18 4 11 35 13 3 8 40
 15 6 12 27 18 6 16 9 11 4 10 2 3
 26 13 16 18 75 9 13 21 13 6 4 54 9 18 10 13 27 10 4 11 60 11 17 18 4 12 11 9 11 12 16 18 9 33 3 16 13 12 11 3 4 17 18 4 21 9 11 6 4 11 19 12 11 6 12 18 4 11 4 49 3 40 4 37 18 4 11 23 8 9 9 11 9 2 4 16 13 18 10 24 8 4 52 4 23 11 9 2 4 28 27 18 4 16 27 4 3 13 16 13 8 4 3 18 11 4 10 2 3 4 24 9 8 7 18 3 13 8 6 11 19 40
 65 21 9 18 21 11 4 8 4 18 19 13 10 13 6 11 4 27 6 4 35 33 6 12 27 19 8 4 11 4 26 13 16 18 75 9 13 21 13 6 4 18 6 4 18 19 4 24 13 18 4 17 18 4 24 2 21 13 6 11 40
 26 13 16 18 75 9 13 21 13 6 4 65 16 9 13 36 27 12 13 14 6
 37 18 43 16 8 4 28 27 18 4 11 24 11 9 18 12 18 4 11 4 19 11 4 17 18 9 18 12 23 11 4 17 18 4 3 27 4 19 8 21 8 16 13 24 8 40 4 26 18 4 8 12 27 19 16 11 4 3 13 4 3 18 4 12 8 19 8 12 11 6 4 56 13 17 21 18 16 3 4 18 6 4 18 19 4 18 6 12 11 36 18 32 11 17 8 4 17 18 4 19 11 4 24 2 21 13 6 11 40
 15 3 12 9 13 36 18 4 27 6 11 4 12 9 33 16 13 12 11
 37 11 10 11 60 8 4 17 18 4 12 11 36 18 12 18 9 11 4 99
 37 11 10 11 60 8 4 17 18 4 12 11 36 18 12 18 9 11 4 72
 37 11 10 11 60 8 4 17 18 4 12 11 36 18 12 18 9 11 4 84
 37 11 10 11 60 8 4 17 18 4 12 11 36 18 12 18 9 11 4 80
 37 11 10 11 60 8 4 17 18 4 12 11 36 18 12 18 9 11 4 70
 37 11 10 11 60 8 4 17 18 4 12 11 36 18 12 18 9 11 4 69
 62 27 18 6 16 18 4 17 18 19 4 10 18 6 66
 65 60 11 17 13 9 4 13 6 7 8 9 10 11 12 13 14 6 4 36 13 8 21 9 2 7 13 12 11 4 17 18 19 4 11 27 16 8 9 40
 37 18 19 44 7 8 6 8
 20 8 9 9 18 8 4 18 19 18 12 16 9 14 6 13 12 8
 82 101
 26 16 27 10 36 19 18 87 24 8 6
 26 8 27 6 17 20 19 8 27 17
 1 13 43 12 19 8 27 17
 20 8 17 18 24 18 6
 29 13 16 36 27 12 39 18 16
 63 13 16 76 27 36
 58 8 9 17 54 9 18 3 3
 37 27 10 36 19 9
 82 13 10 18 8
 83 8 27 37 27 36 18
 26 39 52 24 18
 54 13 6 16 18 9 18 3 16
 5 6 3 16 11 21 9 11 10
 72 71 71 24 43
 62 19 13 12 39 9
 30 18 35 13 11 6 16 65 9 16
 29 18 23 11 6 12 18
 30 9 13 36 36 36 19 18
 61 13 6 39 18 17 5 6
 65 36 9 13 9 4 18 6 19 11 12 18 4 18 6 4 27 6 11 4 6 27 18 35 11 4 24 18 3 16 11 60 11
 20 8 19 8 9 4 37 33 16 27 19 8
 82 11 6 16 11 21 18 4 18 3 4 27 6 4 16 18 10 11 4 10 27 19 16 13 7 27 6 12 13 8 6 11 19 4 7 19 18 43 13 36 19 18 40 4 26 27 4 7 27 18 9 32 11 4 9 18 3 13 17 18 4 18 6 4 3 27 4 18 3 16 9 18 12 23 11 4 13 6 16 18 21 9 11 12 13 14 6 4 12 8 6 4 11 19 21 27 6 8 3 4 24 19 27 21 13 6 3 4 17 18 4 21 9 11 6 4 11 19 12 11 6 12 18 4 12 8 10 8 4 54 11 21 18 4 29 27 13 19 17 18 9 4 24 11 9 11 4 17 13 3 18 60 8 3 4 17 18 4 24 2 21 13 6 11 4 9 18 3 24 8 6 3 13 35 18 34 4 1 18 16 11 4 26 19 13 17 18 9 4 24 11 9 11 4 17 18 3 19 13 32 11 17 8 9 18 3 4 17 18 4 21 9 11 6 4 36 18 19 19 18 32 11 4 52 4 58 8 8 20 8 10 10 18 9 12 18 4 24 11 9 11 4 11 52 27 17 11 9 16 18 4 11 4 35 18 6 17 18 9 4 18 6 4 19 33 6 18 11 40 4 82 11 6 16 11 21 18 4 18 3 4 16 8 16 11 19 10 18 6 16 18 4 9 18 3 24 8 6 3 13 35 18 4 52 4 18 3 16 2 4 24 9 18 24 11 9 11 17 8 4 24 11 9 11 4 19 11 3 4 24 11 6 16 11 19 19 11 3 4 67 18 16 13 6 11 40 4 89 3 11 19 8 4 24 11 9 11 4 13 6 13 12 13 11 9 4 27 6 4 3 13 16 13 8 4 17 18 4 6 18 21 8 12 13 8 3 34 4 27 6 4 24 8 9 16 11 7 8 19 13 8 3 4 8 4 27 6 11 4 16 13 18 6 17 11 4 18 6 4 19 33 6 18 11 40
 54 11 9 11 4 27 16 13 19 13 32 11 9 4 18 3 16 11 4 12 8 6 7 13 21 27 9 11 12 13 14 6 4 17 18 4 24 2 21 13 6 11 34 4 27 16 13 19 13 32 11 4 19 11 4 46 3 16 9 8 6 21 50 54 19 11 6 16 13 19 19 11 4 54 9 18 17 18 16 18 9 10 13 6 11 17 11 4 46 51 3 16 9 8 6 21 50 4 3 18 19 18 12 12 13 8 6 2 6 17 8 19 11 4 18 6 4 46 3 16 9 8 6 21 50 4 65 16 9 13 36 27 16 8 3 4 17 18 4 24 2 21 13 6 11 4 46 51 3 16 9 8 6 21 50
 75 12 27 19 16 11 9 4 19 8 3 4 56 13 17 21 18 16 3 4 17 18 19 4 24 13 18 4 17 18 4 24 2 21 13 6 11 4 18 6 4 18 3 16 11 4 24 2 21 13 6 11 40
 75 12 27 19 16 11 9 4 58 13 17 21 18 16 3 4 54 13 18 4 17 18 4 54 2 21 13 6 11
 75 12 27 19 16 11 9 4 12 11 36 18 12 18 9 11 4 24 9 13 6 12 13 24 11 19 4 18 6 4 18 3 16 11 4 24 2 21 13 6 11 40
 75 12 27 19 16 11 9
 75 12 27 19 16 11 9 4 12 11 36 18 12 18 9 11 4 54 9 13 6 12 13 24 11 19
 5 6 12 19 27 13 9 4 4 10 11 9 21 18 6 4 3 8 36 9 18 4 3 27 4 24 13 18 4 17 18 4 24 2 21 13 6 11 40
 1 11 9 21 18 6 4 26 27 24 18 9 13 8 9 4 54 13 18 4 17 18 4 54 2 21 13 6 11
 5 6 12 19 27 13 9 4 27 6 4 10 11 9 21 18 6 4 17 18 36 11 31 8 4 17 18 4 19 11 4 12 11 36 18 12 18 9 11 4 24 9 13 6 12 13 24 11 19 4 73 32 8 6 11 4 3 27 24 18 9 13 8 9 74 4 17 18 19 4 3 13 16 13 8 4 56 18 36 40
 76 11 36 13 19 13 16 11 9
 1 11 9 21 18 6 4 5 6 7 18 9 13 8 9 4 20 11 36 18 12 18 9 11 4 54 9 13 6 12 13 24 11 19
 1 8 3 16 9 11 9 4 18 19 4 16 33 16 27 19 8 4 18 6 4 18 3 16 11 4 24 2 21 13 6 11
 37 33 16 27 19 8 4 17 18 4 54 2 21 13 6 11
 1 8 3 16 9 11 9 4 19 11 4 13 10 11 21 18 6 4 17 18 3 16 11 12 11 17 11 4 18 6 4 18 3 16 11 4 24 2 21 13 6 11 40
 1 8 3 16 9 11 9
 5 10 11 21 18 6 4 54 2 21 13 6 11 4 30 18 3 16 11 12 11 17 11
 65 6 12 23 8 4 20 8 10 24 19 18 16 8 34 4 29 11 9 9 11 4 19 11 16 18 9 11 19
 26 13 6 4 29 11 9 9 11 4 61 11 16 18 9 11 19
 30 13 3 18 60 8 4 54 2 21 13 6 11
 65 12 16 27 11 19 13 32 11 9 4 11 4 82 11 6 16 11 21 18 4 54 9 18 10 13 27 10
 26 14 19 8 4 54 9 18 10 13 27 10
 65 31 27 3 16 18 3 4 24 11 9 11 4 16 27 4 16 18 10 11
 37 18 43 16 8 4 28 27 18 4 3 18 4 10 27 18 3 16 9 11 4 12 8 10 8 4 27 6 11 4 18 16 13 28 27 18 16 11 4 11 19 4 19 11 17 8 4 17 18 4 19 8 3 4 12 8 10 18 6 16 11 9 13 8 3 4 17 18 19 4 11 27 16 8 9 4 17 18 19 4 11 9 16 33 12 27 19 8 40
 20 8 10 18 6 16 11 9 13 8 3 4 17 18 19 4 65 27 16 8 9 4 17 18 19 4 65 9 16 33 12 27 19 8
 1 8 3 16 9 11 9 4 18 19 4 3 18 21 27 13 10 13 18 6 16 8 4 17 18 4 9 27 16 11 3 4 3 13 4 16 13 18 6 18 3 4 83 8 11 3 16 4 26 15 75 4 8 4 42 11 35 90 37 4 13 6 3 16 11 19 11 17 8 40
 26 18 21 27 13 10 13 18 6 16 8 4 17 18 4 67 27 16 11 3
 29 66 3 28 27 18 17 11 4 1 18 6 66 4 1 14 35 13 19
 37 18 43 16 8 4 1 18 6 66 4 1 14 35 13 19
 61 11 4 9 18 3 8 19 27 12 13 14 6 4 12 27 11 6 17 8 4 18 19 4 10 18 6 66 4 3 18 4 12 8 6 16 9 11 18 4 18 6 4 27 6 4 10 18 6 66 4 17 18 4 6 11 35 18 21 11 12 13 14 6 4 10 14 35 13 19 40 4 15 19 4 35 11 19 8 9 4 18 3 4 18 6 4 24 33 43 18 19 18 3 40
 20 8 6 16 9 11 12 12 13 14 6 4 1 18 6 66 4 1 14 35 13 19
 20 11 10 36 13 11 9 4 19 11 4 12 8 6 7 13 21 27 9 11 12 13 14 6 4 24 11 9 11 4 3 27 4 16 18 10 11
 37 11 43 8 6 8 10 33 11
 42 8 4 26 18 4 15 6 12 27 18 6 16 9 11 4 30 13 3 24 8 6 13 36 19 18
 65 9 12 23 13 35 8 3 4 17 18 4 65 27 16 8 9
 65 9 12 23 13 35 8 3 4 24 8 9 4 62 18 12 23 11
 67 18 3 27 19 16 11 17 8 3 4 29 66 3 28 27 18 17 11
 54 2 21 13 6 11 4 17 18 4 29 19 8 21
 20 11 10 36 13 11 9 4 17 13 3 18 60 8 3 4 17 18 4 35 11 9 13 11 3 4 24 2 21 13 6 11 3 4 18 6 4 18 19 4 3 13 16 13 8 4 56 18 36 40
 20 8 6 7 13 21 27 9 11 12 13 14 6 4 54 19 11 6 16 13 19 19 11 4 54 2 21 13 6 11
 65 31 27 3 16 18 3 4 17 18 4 24 2 21 13 6 11
 15 17 13 16 11 9 4 58 13 17 21 18 16
 46 11 4 23 9 18 7 47 48 49 3 48 50 5 6 3 16 11 19 11 9 46 51 11 50 4 11 23 8 9 11 4 18 19 4 54 11 28 27 18 16 18 4 17 18 4 58 13 17 21 18 16 3 40 40
 15 3 16 18 4 12 11 10 24 8 4 9 18 28 27 13 18 9 18 4 18 19 4 24 19 27 21 13 6 4 58 13 17 21 18 16 4 29 27 6 17 19 18
 30 13 3 24 8 6 13 36 19 18 4 18 6 4 54 9 18 10 13 27 10
 26 27 36 12 8 6 31 27 6 16 8
 82 11 9 13 11 6 16 18
 20 9 18 11 17 8 4 8 9 21 27 19 19 8 3 11 10 18 6 16 18 4 24 8 9 4
 26 13 4 16 18 4 21 27 3 16 11 4 49 3 34 4 54 8 9 4 62 11 35 8 9 34 4 77 20 8 10 24 2 9 16 18 19 8 78
 82 13 3 27 11 19 13 32 11 4 18 19 4 35 33 17 18 8
 65 12 16 27 11 19 13 32 11 9 4 11 4 54 9 18 10 13 27 10
 30 8 12 27 10 18 6 16 11 12 13 14 6
 75 36 16 18 6 18 9 4 11 12 16 27 11 19 13 32 11 12 13 8 6 18 3
 30 11 16 18 4 27 6 11 4 35 27 18 19 16 11
 37 18 10 11 4 21 9 11 16 27 13 16 8 4 24 11 9 11 4 86 58 8 9 17 54 9 18 3 3 4 24 8 9 4 96 26 13 16 18 75 9 13 21 13 6
 65 12 18 9 12 11 4 17 18 4 49 3
 65 24 9 18 6 17 18 9 4 11 12 18 9 12 11 4 17 18 4 49 3
 54 27 18 17 18 3 4 11 24 9 18 6 17 18 9 4 10 2 3 4 49 3 11 28 27 33 49 3 34 4 8 4 17 13 9 13 21 13 9 16 18 4 17 13 9 18 12 16 11 10 18 6 16 18 4 11 4 19 11 4 49 3 24 18 9 3 8 6 11 19 13 32 11 12 13 14 6 49 3 4 24 11 9 11 4 18 10 24 18 32 11 9 4 11 4 9 18 11 19 13 32 11 9 4 11 31 27 3 16 18 3 40 40
 63 9 11 12 13 11 3 4 24 8 9 4 18 3 12 8 21 18 9 4 49 3
 15 3 16 18 4 16 18 10 11 4 11 17 10 13 16 18 4 54 11 21 18 4 29 27 13 19 17 18 9 4 24 11 9 11 4 12 9 18 11 9 4 12 8 6 16 18 6 13 17 8 4 36 11 3 11 17 8 4 18 6 4 36 18 19 19 11 3 4 12 8 19 27 10 6 11 3 4 24 9 8 24 8 9 12 13 8 6 11 17 11 3 40
 30 18 3 12 8 6 18 12 16 11 17 8
 20 8 6 18 12 16 11 17 8
 82 8 19 35 18 9
 42 11 35 18 21 11 4 23 11 3 16 11 4 46 3 16 9 8 6 21 50 4 65 24 11 9 13 18 6 12 13 11 50 4 54 18 9 3 8 6 11 19 13 32 11 9 50 4 65 31 27 3 16 18 3 4 17 18 19 4 37 18 10 11 4 46 51 3 16 9 8 6 21 50 4 24 11 9 11 4 11 12 12 18 17 18 9 4 11 4 19 11 4 12 8 6 7 13 21 27 9 11 12 13 14 6 4 17 18 19 4 16 18 10 11 40
 42 27 18 3 16 9 8 4 12 8 6 7 13 21 27 9 11 17 8 9 4 17 18 19 4 16 18 10 11 4 11 23 8 9 11 4 11 24 9 8 35 18 12 23 11 4 18 19 4 24 18 9 3 8 6 11 19 13 32 11 17 8 9 4 17 18 4 58 8 9 17 54 9 18 3 3 40
 61 8 3 4 11 31 27 3 16 18 3 4 17 18 4 82 11 6 16 11 21 18 4 23 11 6 4 12 11 10 36 13 11 17 8 4 17 18 4 27 36 13 12 11 12 13 14 6
 54 8 3 13 12 13 14 6 4 17 18 4 19 11 4 36 11 9 9 11 4 19 11 16 18 9 11 19
 62 8 6 17 8 4 17 18 19 4 36 8 16 14 6 4 17 18 4 17 18 3 24 19 11 32 11 9 4 11 9 9 13 36 11
 20 8 19 8 9 4 17 18 19 4 36 8 16 14 6 4 17 18 4 17 18 3 24 19 11 32 11 9 4 11 9 9 13 36 11
 15 6 19 11 12 18 4 17 18 4 13 6 7 8 9 10 11 12 13 14 6 4 17 18 19 4 3 13 16 13 8
 37 18 43 16 8 4 17 18 4 13 6 7 8 9 10 11 12 13 14 6 4 17 18 19 4 3 13 16 13 8
 20 8 19 8 9 4 17 18 4 18 6 19 11 12 18 4 11 19 4 24 11 3 11 9 4 24 8 9 4 18 6 12 13 10 11
 20 8 19 8 9 4 17 18 19 4 18 6 19 11 12 18
 37 33 16 27 19 8 3 4 58 13 17 21 18 16
 30 13 3 18 60 8 4 5 10 11 21 18 6 4 62 8 6 17 8 4 54 13 18 4 30 18 4 54 2 21 13 6 11
 5 10 11 21 18 6 4 17 18 4 7 8 6 17 8 4 17 18 19 4 24 13 18 4 17 18 4 24 2 21 13 6 11
 62 8 6 17 8 4 17 18 19 4 24 13 18 4 17 18 4 24 2 21 13 6 11
 26 8 10 36 9 11 4 52 4 9 18 17 8 6 17 18 8 4 17 18 4 19 11 3 4 13 10 2 21 18 6 18 3
 30 13 3 24 8 3 13 12 13 14 6 4 17 18 4 19 11 4 13 10 11 21 18 6 4 17 18 4 7 8 6 17 8 4 17 18 4 24 2 21 13 6 11 40
 5 10 11 21 18 6 4 17 18 4 7 8 6 17 8 4 17 18 4 19 11 4 24 2 21 13 6 11
 62 8 6 17 8 4 17 18 4 19 11 4 24 2 21 13 6 11
 20 27 36 13 18 9 16 8
 1 8 3 11 13 12 8
 54 8 9 4 17 18 7 18 12 16 8
 30 13 3 24 8 3 13 12 13 14 6 4 17 18 4 19 11 4 13 10 11 21 18 6 4 17 18 4 7 8 6 17 8 4 17 18 19 4 18 6 12 11 36 18 32 11 17 8
 5 10 11 21 18 6 4 17 18 4 7 8 6 17 8 4 17 18 19 4 18 6 12 11 36 18 32 11 17 8
 62 8 6 17 8 4 17 18 19 4 18 6 12 11 36 18 32 11 17 8
 5 12 8 6 8 4 17 18 19 4 56 13 17 21 18 16 4 17 18 4 13 12 8 6 8 4 9 18 17 8 6 17 8
 62 8 6 17 8 4 17 18 19 4 56 13 17 21 18 16 4 17 18 4 13 12 8 6 8 4 9 18 17 8 6 17 8
 29 8 9 17 18 4 17 18 19 4 10 18 6 66
 62 8 6 17 8 4 17 18 19 4 1 18 6 66
 37 18 43 16 8 4 17 18 19 4 10 18 6 66
 62 8 6 17 8 4 17 18 4 19 11 4 36 66 3 28 27 18 17 11
 62 8 6 17 8 4 17 18 19 4 16 33 16 27 19 8
 37 18 43 16 8 4 17 18 19 4 16 33 16 27 19 8
 20 8 19 8 9 4 17 18 19 4 36 8 9 17 18 4 17 18 19 4 56 13 17 21 18 16 4 17 18 4 10 18 6 66 4 17 18 4 19 11 4 12 11 36 18 12 18 9 11
 37 11 10 11 60 8 4 17 18 4 7 27 18 6 16 18 4 17 18 19 4 1 18 6 66
 54 11 17 13 6 21 4 23 8 9 13 32 8 6 16 11 19 4 73 24 43 74 4 17 18 4 19 8 3 4 18 19 18 10 18 6 16 8 3 4 17 18 19 4 10 18 6 66
 54 11 17 13 6 21 4 35 18 9 16 13 12 11 19 4 73 24 43 74 4 17 18 4 19 8 3 4 18 19 18 10 18 6 16 8 3 4 17 18 19 4 10 18 6 66
 37 18 43 16 8 4 17 18 4 19 11 4 12 11 31 11 4 17 18 4 36 66 3 28 27 18 17 11
 62 8 6 17 8 4 17 18 4 19 11 4 12 11 31 11 4 17 18 4 36 66 3 28 27 18 17 11
 20 8 19 8 9 4 11 19 4 24 11 3 11 9 4 24 8 9 4 18 6 12 13 10 11 4 17 18 19 4 13 12 8 6 8 4 17 18 4 36 27 3 12 11 9
 20 8 19 8 9 4 17 18 19 4 13 12 8 6 8 4 17 18 4 36 27 3 12 11 9
 62 8 6 17 8 4 17 18 19 4 13 12 8 6 8 4 17 18 4 36 27 3 12 11 9
 37 18 43 16 8 4 17 18 4 19 11 4 24 2 21 13 6 11 4 11 12 16 27 11 19
 62 8 6 17 8 4 17 18 4 19 11 4 24 2 21 13 6 11 4 11 12 16 27 11 19
 20 8 19 8 9 4 11 19 4 24 11 3 11 9 4 24 8 9 4 18 6 12 13 10 11 4 17 18 19 4 13 12 8 6 8
 20 8 19 8 9 4 17 18 19 4 13 12 8 6 8
 37 18 43 16 8 4 17 18 19 4 3 18 21 27 6 17 8 4 6 13 35 18 19 4 11 19 4 24 11 3 11 9 4 24 8 9 4 18 6 12 13 10 11
 26 18 21 27 6 17 8 4 6 13 35 18 19 4 11 19 4 24 11 3 11 9 4 24 8 9 4 18 6 12 13 10 11
 37 18 43 16 8 4 11 19 4 24 11 3 11 9 4 24 8 9 4 18 6 12 13 10 11
 62 8 6 17 8 4 11 19 4 24 11 3 11 9 4 24 8 9 4 18 6 12 13 10 11
 37 18 43 16 8 4 17 18 19 4 3 18 21 27 6 17 8 4 6 13 35 18 19
 62 8 6 17 8 4 17 18 19 4 3 18 21 27 6 17 8 4 6 13 35 18 19
 20 8 19 8 9 4 17 18 19 4 16 18 43 16 8
 62 8 6 17 8
 20 18 6 16 9 8
 65 19 13 6 18 11 10 13 18 6 16 8 4 17 18 19 4 10 18 6 66
 65 60 11 17 13 9 4 3 27 36 9 11 52 11 17 8 4 11 19 4 18 6 19 11 12 18 4 11 19 4 24 11 3 11 9 4 24 8 9 4 18 6 12 13 10 11
 20 8 19 8 9 4 17 18 4 19 8 3 4 18 6 19 11 12 18 3 4 17 18 19 4 12 8 6 16 18 6 13 17 8 4 11 19 4 24 11 3 11 9 4 24 8 9 4 18 6 12 13 10 11
 88 27 13 16 11 9 4 18 19 4 3 27 36 9 11 52 11 17 8 4 17 18 19 4 18 6 19 11 12 18
 20 8 19 8 9 4 17 18 4 19 8 3 4 18 6 19 11 12 18 3 4 17 18 19 4 12 8 6 16 18 6 13 17 8
 20 18 6 16 9 11 9 4 61 8 21 8 9 13 24 8
 54 11 17 17 13 6 21 4 17 18 4 19 11 4 12 11 36 18 12 18 9 11
 20 8 19 8 9 4 17 18 19 4 12 8 6 16 18 6 13 17 8 4 17 18 4 12 11 36 18 12 18 9 11
 20 8 19 8 9 4 17 18 19 4 12 8 6 16 18 6 13 17 8
 37 11 10 11 60 8 4 17 18 19 4 12 8 6 16 18 6 13 17 8
 20 8 19 8 9 4 17 18 19 4 16 33 16 27 19 8 4 17 18 4 24 2 21 13 6 11
 37 11 10 11 60 8 4 17 18 19 4 16 33 16 27 19 8 4 17 18 4 24 2 21 13 6 11
 20 8 19 8 9 4 17 18 19 4 16 18 43 16 8 4 17 18 4 12 11 36 18 12 18 9 11
 37 11 10 11 60 8 4 17 18 19 4 16 18 43 16 8 4 17 18 4 12 11 36 18 12 18 9 11
 20 8 19 8 9 4 17 18 19 4 16 33 16 27 19 8 4 17 18 19 4 3 13 16 13 8
 37 11 10 11 60 8 4 17 18 19 4 16 33 16 27 19 8 4 17 18 19 4 3 13 16 13 8
 62 27 18 6 16 18 4 17 18 4 19 11 4 12 11 36 18 12 18 9 11
 62 27 18 6 16 18 4 17 18 19 4 16 33 16 27 19 8 4 17 18 19 4 3 13 16 13 8
 62 27 18 6 16 18 4 17 18 19 4 12 27 18 9 24 8
 54 2 21 13 6 11
 58 13 17 21 18 16 3
 1 18 6 66 4 10 14 35 13 19
 1 18 6 66
 62 27 18 6 16 18 3
 67 18 3 16 11 36 19 18 12 18 9 4 24 18 9 3 8 6 11 19 13 32 11 12 13 14 6
 41 15 3 16 2 3 4 3 18 21 27 9 8 4 17 18 4 28 27 18 4 28 27 13 18 9 18 3 4 35 8 19 35 18 9 4 11 4 19 8 3 4 35 11 19 8 9 18 3 4 24 8 9 4 17 18 7 18 12 16 8 4 17 18 4 24 18 9 3 8 6 11 19 13 32 11 12 13 14 6 4 17 18 19 4 16 18 10 11 45
 54 18 9 3 8 6 11 19 13 32 11 12 13 14 6 4 15 3 24 18 12 33 7 13 12 11 4 30 18 19 4 37 18 10 11 4 49 3 40
 30 13 3 18 60 8 4 17 18 19 4 37 18 10 11
 5 6 3 16 11 19 11 6 17 8 4 24 19 27 21 13 6 4 49 69 79 3 4 73 49 70 79 17 51 49 80 79 17 74
 37 8 17 11 3 4 19 11 3 4 13 6 3 16 11 19 11 12 13 8 6 18 3 4 23 11 6 4 16 18 9 10 13 6 11 17 8 40
 49 69 79 3 4 13 6 3 16 11 19 11 17 8 4 12 8 9 9 18 12 16 11 10 18 6 16 18 40
 20 8 10 13 18 6 32 11 4 18 19 4 24 9 8 12 18 3 8 4 17 18 4 13 6 3 16 11 19 11 12 13 14 6 40 4 15 3 16 18 4 24 9 8 12 18 3 8 4 24 27 18 17 18 4 16 11 9 17 11 9 4 27 6 4 24 8 12 8 4 18 6 4 11 19 21 27 6 8 3 4 3 18 9 35 13 17 8 9 18 3 34 4 16 18 6 4 24 11 12 13 18 6 12 13 11 4 24 8 9 4 7 11 35 8 9 40
 5 6 3 16 11 19 11 6 17 8 4 52 4 11 12 16 13 35 11 6 17 8 4 24 19 27 21 13 6 4 49 69 79 3 4 73 49 70 79 17 51 49 80 79 17 74
 76 11 6 4 16 18 9 10 13 6 11 17 8 4 16 8 17 11 3 4 19 11 3 4 13 6 3 16 11 19 11 12 13 8 6 18 3 4 52 4 11 12 16 13 35 11 12 13 8 6 18 3 40
 75 12 27 19 16 11 9 4 17 18 16 11 19 19 18 3
 82 18 9 4 30 18 16 11 19 19 18 3
 49 69 79 3 4 13 6 3 16 11 19 11 17 8 4 52 4 11 12 16 13 35 11 17 8 4 12 8 9 9 18 12 16 11 10 18 6 16 18 40
 20 8 10 13 18 6 32 11 4 18 19 4 24 9 8 12 18 3 8 4 17 18 4 13 6 3 16 11 19 11 12 13 14 6 4 52 4 11 12 16 13 35 11 12 13 14 6 40 4 15 3 16 18 4 24 9 8 12 18 3 8 4 24 27 18 17 18 4 16 11 9 17 11 9 4 27 6 4 24 8 12 8 4 18 6 4 11 19 21 27 6 8 3 4 3 18 9 35 13 17 8 9 18 3 34 4 16 18 6 4 24 11 12 13 18 6 12 13 11 4 24 8 9 4 7 11 35 8 9 40
 61 11 4 13 6 3 16 11 19 11 12 13 14 6 4 17 18 4 49 69 79 3 4 23 11 4 7 11 19 19 11 17 8 40
 76 11 4 8 12 27 9 9 13 17 8 4 27 6 4 18 9 9 8 9 4 17 27 9 11 6 16 18 4 19 11 4 13 6 3 16 11 19 11 12 13 14 6 4 17 18 4 49 69 79 3 55 4 46 3 16 9 8 6 21 50 49 70 79 3 46 51 3 16 9 8 6 21 50 40
 65 12 16 27 11 19 13 32 11 6 17 8 4 24 19 27 21 13 6 4 49 69 79 3 4 73 49 70 79 17 51 49 80 79 17 74
 62 11 19 19 8 4 18 6 4 19 11 4 11 12 16 13 35 11 12 13 14 6 4 17 18 4 24 19 27 21 13 6 40
 42 8 4 23 11 52 4 24 19 27 21 13 6 3 4 17 13 3 24 8 6 13 36 19 18 3 4 24 11 9 11 4 11 12 16 13 35 11 9 4 18 6 4 18 3 16 18 4 10 8 10 18 6 16 8 40
 42 8 4 3 18 4 23 11 6 4 3 18 19 18 12 12 13 8 6 11 17 8 4 24 19 27 21 13 6 3 4 24 11 9 11 4 11 12 16 13 35 11 9 40 4 42 8 4 3 18 4 9 18 11 19 13 32 11 9 2 4 6 13 6 21 27 6 11 4 11 12 12 13 14 6 40
 42 8 4 23 11 52 4 24 19 27 21 13 6 3 4 17 13 3 24 8 6 13 36 19 18 3 4 24 11 9 11 4 11 12 16 27 11 19 13 32 11 9 4 18 6 4 18 3 16 18 4 10 8 10 18 6 16 8 40
 42 8 4 23 11 52 4 24 19 27 21 13 6 3 4 17 13 3 24 8 6 13 36 19 18 3 4 24 11 9 11 4 13 6 3 16 11 19 11 9 4 18 6 4 18 3 16 18 4 10 8 10 18 6 16 8 40
 42 8 4 3 18 4 23 11 6 4 3 18 19 18 12 12 13 8 6 11 17 8 4 24 19 27 21 13 6 3 4 24 11 9 11 4 11 12 16 27 11 19 13 32 11 9 40 4 42 8 4 3 18 4 9 18 11 19 13 32 11 9 2 4 6 13 6 21 27 6 11 4 11 12 12 13 14 6 40
 42 8 4 3 18 4 23 11 6 4 3 18 19 18 12 12 13 8 6 11 17 8 4 24 19 27 21 13 6 3 4 24 11 9 11 4 13 6 3 16 11 19 11 9 40 4 42 8 4 3 18 4 9 18 11 19 13 32 11 9 2 4 6 13 6 21 27 6 11 4 11 12 12 13 14 6 40
 65 12 16 13 35 11 9
 65 12 16 27 11 19 13 32 11 9
 1 18 6 3 11 31 18 4 17 18 4 11 12 16 27 11 19 13 32 11 12 13 14 6 4 17 18 19 4 11 27 16 8 9 4 17 18 19 4 24 19 27 21 13 6 55
 65 12 16 13 35 11 9 4 49 70 79 3
 65 12 16 27 11 19 13 32 11 9 4 49 70 79 3
 5 6 3 16 11 19 11 9 4 49 70 79 3
 15 3 16 11 17 8
 82 18 9 3 13 14 6
 37 13 24 8
 75 9 13 21 18 6
 54 19 27 21 13 6
 42 8 4 23 11 52 4 24 19 27 21 13 6 3 4 28 27 18 4 13 6 3 16 11 19 11 9 34 4 11 12 16 27 11 19 13 32 11 9 4 8 4 11 12 16 13 35 11 9 40
 82 18 9 3 13 14 6 4 17 13 3 24 8 6 13 36 19 18 55
 82 18 9 3 13 14 6 4 10 33 6 13 10 11 4 9 18 28 27 18 9 13 17 11 55
 82 18 9 3 13 14 6 4 13 6 3 16 11 19 11 17 11 55
 17 18 3 12 8 6 8 12 13 17 11
 49 69 79 3 34 4 49 70 79 3
 65 12 16 27 11 19 13 32 11 12 13 14 6 4 9 18 12 8 10 18 6 17 11 17 11
 30 18 36 18 4 11 12 16 27 11 19 13 32 11 9 3 18
 65 12 16 27 11 19 13 32 11 12 13 14 6 4 6 18 12 18 3 11 9 13 11 4 6 8 4 17 13 3 24 8 6 13 36 19 18
 65 12 16 13 35 8
 5 6 3 16 11 19 11 17 8 4 24 18 9 8 4 13 6 11 12 16 13 35 8
 42 8 4 13 6 3 16 11 19 11 17 8
 54 9 18 57 18 10 24 11 28 27 18 16 11 17 8
 62 27 18 6 16 18 4 18 43 16 18 9 6 11
 67 18 24 8 3 13 16 8 9 13 8 4 17 18 4 58 8 9 17 54 9 18 3 3
 67 18 12 8 10 18 6 17 11 17 8
 42 18 12 18 3 11 9 13 8
 37 63 1 54 65 4 35 49 3
 52
 15 19 4 24 11 28 27 18 16 18 4 9 18 10 8 16 8 4 17 18 19 4 24 19 27 21 13 6 4 18 3 16 2 4 12 8 10 24 27 18 3 16 8 4 24 8 9 4 10 2 3 4 17 18 4 27 6 4 11 9 12 23 13 35 8 34 4 24 18 9 8 4 19 8 3 4 11 9 12 23 13 35 8 3 4 6 8 4 18 3 16 2 6 4 17 18 6 16 9 8 4 17 18 4 27 6 11 4 12 11 9 24 18 16 11 40
 54 8 9 4 7 11 35 8 9 34 4 24 8 6 16 18 4 18 6 4 12 8 6 16 11 12 16 8 4 12 8 6 4 18 19 4 11 27 16 8 9 4 17 18 19 4 24 19 27 21 13 6 4 52 4 24 33 17 18 19 18 4 28 27 18 4 19 8 4 18 10 24 11 28 27 18 16 18 4 17 18 4 11 12 27 18 9 17 8 4 11 4 19 11 3 4 24 9 2 12 16 13 12 11 3 4 9 18 12 8 10 18 6 17 11 17 11 3 4 17 18 4 58 8 9 17 54 9 18 3 3 40
 15 19 4 24 11 28 27 18 16 18 4 9 18 10 8 16 8 4 17 18 19 4 24 19 27 21 13 6 4 6 8 4 12 8 6 16 13 18 6 18 4 27 6 11 4 12 11 9 24 18 16 11 4 12 8 6 4 18 19 4 3 19 27 21 4 11 24 9 8 24 13 11 17 8 4 52 4 6 8 4 7 27 6 12 13 8 6 14 4 18 19 4 12 11 10 36 13 8 4 17 18 4 6 8 10 36 9 18 40
 30 18 36 18 4 11 12 16 27 11 19 13 32 11 9 3 18
 15 3 16 18 4 24 19 27 21 13 6 4 17 18 36 18 4 11 12 16 27 11 19 13 32 11 9 3 18 4 24 11 9 11 4 28 27 18 4 3 18 11 4 12 8 10 24 11 16 13 36 19 18 4 12 8 6 4 16 27 4 16 18 10 11 40
 54 8 9 4 7 11 35 8 9 34 4 24 33 17 18 19 18 4 11 52 27 17 11 4 11 19 4 11 17 10 13 6 13 3 16 9 11 17 8 9 4 17 18 4 18 3 16 18 4 3 13 16 13 8 40
 76 11 52 4 27 6 8 4 10 2 3 4 24 19 27 21 13 6 3 4 6 18 12 18 3 11 9 13 8 3 4 8 4 9 18 12 8 10 18 6 17 11 17 8 3 4 24 18 6 17 13 18 6 16 18 3 4 17 18 4 13 6 3 16 11 19 11 9 34 4 11 12 16 27 11 19 13 32 11 9 4 8 4 11 12 16 13 35 11 9 40
 30 18 3 12 11 9 16 11 9 4 18 3 16 18 4 11 35 13 3 8
 37 8 17 8 3 4 19 8 3 4 24 19 27 21 13 6 4 13 6 3 16 11 19 11 17 8 3 4 52 4 11 12 16 13 35 11 17 8 3 4 12 8 9 9 18 12 16 11 10 18 6 16 18 40 4 49 69 79 3
 15 19 4 24 19 27 21 13 6 4 6 8 4 3 18 4 23 11 4 11 12 16 13 35 11 17 8 40 4 15 3 16 18 4 16 18 10 11 4 6 18 12 18 3 13 16 11 4 27 6 11 4 35 18 9 3 13 14 6 4 3 27 24 18 9 13 8 9 4 17 18 4 4 49 3 40 4 54 8 9 4 7 11 35 8 9 34 4 11 12 16 27 11 19 13 32 11 4 18 19 4 24 19 27 21 13 6 40
 42 8 4 3 18 4 9 18 11 19 13 32 14 4 6 13 6 21 27 6 11 4 11 12 12 13 14 6 40 4 15 19 4 24 19 27 21 13 6 4 49 69 79 3 4 52 11 4 18 3 16 11 36 11 4 11 12 16 13 35 8 40
 15 19 4 3 13 21 27 13 18 6 16 18 4 24 19 27 21 13 6 4 3 18 4 11 12 16 13 35 14 4 12 8 6 4 44 43 13 16 8 55
 54 19 27 21 13 6 4 11 12 16 13 35 11 17 8 4 12 8 9 9 18 12 16 11 10 18 6 16 18 40
 82 8 19 35 18 9 4 11 19 4 18 3 12 9 13 16 8 9 13 8
 82 8 19 35 18 9 4 11 19 4 13 6 3 16 11 19 11 17 8 9 4 17 18 4 24 19 27 21 13 6 3 4 6 18 12 18 3 11 9 13 8 3
 65 19 21 8 4 3 11 19 13 14 4 10 11 19 4 12 8 6 4 65 54 5 4 17 18 19 4 24 19 27 21 13 6 40
 65 12 16 27 11 19 13 32 11 6 17 8 4 54 19 27 21 13 6 55 4 49 3
 5 6 3 16 11 19 11 6 17 8 4 24 19 27 21 13 6 55 4 49 3
 5 6 3 16 11 19 11 9 4 24 19 27 21 13 6 3
 5 6 3 16 11 19 11 9 4 19 8 3 4 24 19 27 21 13 6 3 4 6 18 12 18 3 11 9 13 8 3
 26 13 16 18 75 9 13 21 13 6 4 20 26 26
 26 13 16 18 75 9 13 21 13 6 4 58 13 17 21 18 16 3 4 29 27 6 17 19 18
 5 12 8 6 8 3 4 17 18 4 21 44 6 18 9 8
 5 12 8 6 8 3 4 17 18 4 16 9 11 6 3 24 8 9 16 18
 5 12 8 6 8 3 4 17 18 4 10 11 6 8 3
 5 12 8 6 8 3 4 17 18 4 11 12 12 18 3 13 36 13 19 13 17 11 17
 37 11 10 36 13 44 6 4 24 27 18 17 18 3 4 19 18 18 9 4 19 11 4 49 3 17 8 12 27 10 18 6 16 11 12 13 14 6 4 17 18 4 82 11 6 16 11 21 18 49 3 4 24 11 9 11 4 12 8 6 8 12 18 9 19 8 4 11 66 6 4 10 2 3 4 9 2 24 13 17 8 40
 20 8 10 8 4 27 3 27 11 9 13 8 4 17 18 4 82 11 6 16 11 21 18 34 4 8 36 16 18 6 17 9 2 3 4 27 6 4 3 8 24 8 9 16 18 4 9 2 24 13 17 8 4 52 4 11 10 13 21 11 36 19 18 4 18 6 4 6 27 18 3 16 9 8 4 49 3 7 8 9 8 4 17 18 4 3 8 24 8 9 16 18 49 3 40
 26 8 24 8 9 16 18 4 9 2 24 13 17 8 34 4 11 4 19 11 4 35 18 19 8 12 13 17 11 17 4 17 18 4 27 6 4 9 11 52 8 40
 15 3 16 18 4 24 8 17 18 9 8 3 8 4 24 19 27 21 13 6 4 6 8 3 4 8 7 9 18 12 18 4 12 11 24 11 12 13 17 11 17 18 3 4 12 8 10 24 19 18 16 11 3 4 17 18 4 11 9 9 11 3 16 9 11 9 4 52 4 3 8 19 16 11 9 4 17 18 6 16 9 8 4 17 18 4 82 11 6 16 11 21 18 40
 82 11 6 16 11 21 18 4 3 18 4 13 6 16 18 21 9 11 4 10 11 9 11 35 13 19 19 8 3 11 10 18 6 16 18 4 12 8 6 4 6 27 18 3 16 9 8 4 24 19 27 21 13 6 4 21 9 11 16 27 13 16 8 4 49 3 54 11 21 18 4 29 27 13 19 17 18 9 49 3 40
 62 27 6 12 13 8 6 11 4 10 18 31 8 9 4 12 8 6 4 54 11 21 18 4 29 27 13 19 17 18 9
 82 11 6 16 11 21 18 34 4 11 4 24 11 9 16 13 9 4 17 18 4 11 23 8 9 11 34 4 3 14 19 8 4 24 27 18 17 18 4 10 18 31 8 9 11 9 40
 61 8 4 3 18 21 27 13 9 18 10 8 3 4 18 35 8 19 27 12 13 8 6 11 6 17 8 4 11 4 19 8 4 19 11 9 21 8 4 17 18 4 19 8 3 4 11 60 8 3 40
 82 11 6 16 11 21 18 4 52 11 4 19 19 18 35 11 4 27 6 4 16 13 18 10 24 8 4 7 27 6 12 13 8 6 11 6 17 8 34 4 52 4 18 6 4 16 8 17 8 4 18 3 16 18 4 16 13 18 10 24 8 4 19 8 4 23 18 10 8 3 4 10 18 31 8 9 11 17 8 4 23 11 3 16 11 4 12 8 6 35 18 9 16 13 9 19 8 4 18 6 4 27 6 4 3 14 19 13 17 8 4 16 18 10 11 4 17 18 4 58 8 9 17 54 9 18 3 3 40
 15 3 16 11 36 19 18 4 52 4 1 11 17 27 9 8
 54 27 18 17 18 3 4 35 18 9 4 12 8 10 8 4 18 3 4 3 27 4 17 18 3 11 9 9 8 19 19 8 4 18 6 4 16 8 17 8 4 10 8 10 18 6 16 8 4 52 4 9 18 11 19 13 32 11 9 4 12 8 6 16 9 13 36 27 12 13 8 6 18 3 4 11 19 4 10 13 3 10 8 4 3 13 4 19 8 4 17 18 3 18 11 3 40
 82 11 6 16 11 21 18 4 18 3 4 11 12 16 13 35 11 10 18 6 16 18 4 49 3 17 18 3 11 9 9 8 19 19 11 17 8 4 18 6 4 63 13 16 23 27 36 49 3 40
 30 18 3 11 9 9 8 19 19 11 17 8 4 18 6 4 63 13 16 23 27 36
 26 18 21 27 13 9 18 10 8 3 4 17 18 3 11 9 9 8 19 19 2 6 17 8 19 8 4 52 4 10 18 31 8 9 2 6 17 8 19 8 4 18 6 4 19 8 3 4 24 9 14 43 13 10 8 3 4 11 60 8 3 40
 82 11 6 16 11 21 18 4 18 3 4 27 6 4 16 18 10 11 4 58 8 9 17 54 9 18 3 3 4 12 8 10 24 19 18 16 11 10 18 6 16 18 4 21 9 11 16 27 13 16 8 40
 63 9 11 16 13 3 4 24 11 9 11 4 3 13 18 10 24 9 18
 46 3 24 11 6 4 12 19 11 3 3 47 48 36 52 19 13 6 18 48 50 4 24 8 9 4 49 3 46 51 3 24 11 6 50
 54 27 36 19 13 12 11 17 8 4 18 19 4 49 3
 61 18 18 9 4 10 2 3
 37 18 43 16 8 4 61 18 18 9 4 1 2 3
 1 27 18 3 16 9 11 4 19 11 3 4 18 16 13 28 27 18 16 11 3 4 17 18 4 11 9 16 33 12 27 19 8 3 4 17 18 36 11 31 8 4 17 18 19 4 12 8 6 16 18 6 13 17 8 4 17 18 19 4 11 9 16 33 12 27 19 8 40
 15 16 13 28 27 18 16 11 3 4 17 18 4 19 11 3 4 18 6 16 9 11 17 11 3
 1 27 18 3 16 9 11 4 19 11 3 4 12 11 16 18 21 8 9 33 11 3 4 17 18 4 11 9 16 33 12 27 19 8 3 4 17 18 36 11 31 8 4 17 18 19 4 12 8 6 16 18 6 13 17 8 4 17 18 19 4 11 9 16 33 12 27 19 8 40
 20 11 16 18 21 8 9 33 11 3 4 17 18 4 18 6 16 9 11 17 11 3
 1 27 18 3 16 9 11 4 18 19 4 6 66 10 18 9 8 4 17 18 4 12 8 10 18 6 16 11 9 13 8 3 4 17 18 36 11 31 8 4 17 18 19 4 16 33 16 27 19 8 4 17 18 4 12 11 17 11 4 18 6 16 9 11 17 11
 67 18 12 27 18 6 16 8 4 17 18 4 12 8 10 18 6 16 11 9 13 8 3 4 17 18 4 19 11 4 18 6 16 9 11 17 11
 1 8 3 16 9 11 9 4 18 19 4 11 27 16 8 9 4 17 18 19 4 11 9 16 33 12 27 19 8 4 17 18 36 11 31 8 4 17 18 19 4 16 33 16 27 19 8 4 17 18 19 4 11 9 16 33 12 27 19 8 40
 1 8 3 16 9 11 9 4 19 11 4 7 18 12 23 11 4 17 18 19 4 11 9 16 33 12 27 19 8 4 17 18 36 11 31 8 4 17 18 19 4 16 33 16 27 19 8 4 17 18 19 4 11 9 16 33 12 27 19 8 40
 1 8 3 16 9 11 9 4 19 8 3 4 10 18 16 11 17 11 16 8 3 4 17 18 19 4 11 9 16 33 12 27 19 8 4 17 18 36 11 31 8 4 17 18 19 4 16 33 16 27 19 8 4 17 18 19 4 11 9 16 33 12 27 19 8 40
 37 11 10 11 60 8 4 17 18 4 19 11 4 13 10 11 21 18 6 4 17 18 3 16 11 12 11 17 11 4 18 6 4 18 19 4 11 9 12 23 13 35 8 4 17 18 4 19 8 3 4 11 9 16 33 12 27 19 8 3 4 17 18 19 4 36 19 8 21 4 12 27 11 6 17 8 4 3 18 4 27 3 11 4 18 19 4 17 13 3 18 60 8 4 17 18 19 4 36 19 8 21 4 24 8 9 4 17 18 7 18 12 16 8 40
 15 19 13 21 18 4 18 19 4 17 13 3 18 60 8 4 11 4 27 3 11 9 4 18 6 4 24 2 21 13 6 11 3 4 17 18 4 36 19 8 21 4 52 4 17 18 4 11 9 12 23 13 35 8 40
 76 11 36 13 19 13 16 11 9 4 36 66 3 28 27 18 17 11 4 18 6 4 18 19 4 10 18 6 66 4 10 14 35 13 19 40
 62 8 9 32 11 9 4 18 3 16 13 19 8 3 4 17 18 4 7 13 19 11 3 4 17 18 4 11 6 12 23 8 4 12 8 10 24 19 18 16 8 4 17 18 4 54 11 21 18 4 29 27 13 19 17 18 9 40 4 26 14 19 8 4 18 3 4 6 18 12 18 3 11 9 13 8 4 24 8 9 4 9 11 32 8 6 18 3 4 17 18 4 23 18 9 18 6 12 13 11 40
 62 8 9 32 11 9 4 19 8 3 4 18 3 16 13 19 8 3 4 17 18 4 54 11 21 18 4 29 27 13 19 17 18 9 4 11 4 54 11 6 16 11 19 19 11 4 12 8 10 24 19 18 16 11
 37 13 18 6 17 11
 54 2 21 13 6 11 4 17 18 4 11 6 12 23 8 4 12 8 10 24 19 18 16 8
 54 2 21 13 6 11 4 17 18 4 11 6 12 23 8 4 12 8 10 24 19 18 16 8 34 4 3 13 6 4 16 33 16 27 19 8
 5 6 13 12 13 8 4 17 18 4 54 11 21 18 4 29 27 13 19 17 18 9
 1 2 3 4 3 8 36 9 18 4 82 11 6 16 11 21 18 4 54 9 18 10 13 27 10
 15 3 4 24 8 3 13 36 19 18 4 28 27 18 4 23 11 52 11 3 4 6 8 16 11 17 8 4 28 27 18 4 11 19 21 27 6 8 3 4 11 31 27 3 16 18 3 4 52 4 12 11 9 11 12 16 18 9 33 3 16 13 12 11 3 4 3 14 19 8 4 18 3 16 2 6 4 17 13 3 24 8 6 13 36 19 18 3 4 18 6 4 82 11 6 16 11 21 18 4 54 9 18 10 13 27 10 40 4 15 3 16 11 4 18 3 4 27 6 11 4 11 12 16 27 11 19 13 32 11 12 13 14 6 4 17 18 4 36 11 31 8 4 12 8 3 16 18 4 28 27 18 4 16 18 4 17 11 4 11 12 12 18 3 8 4 11 4 27 6 4 10 8 6 16 14 6 4 17 18 4 12 11 9 11 12 16 18 9 33 3 16 13 12 11 3 4 11 17 13 12 13 8 6 11 19 18 3 40 4 15 12 23 11 4 27 6 4 35 13 3 16 11 32 8 4 24 11 9 11 4 28 27 18 4 24 27 18 17 11 3 4 35 18 9 4 19 8 4 66 16 13 19 4 28 27 18 4 24 27 18 17 18 3 4 19 19 18 21 11 9 4 11 4 18 6 12 8 6 16 9 11 9 19 8 40
 15 12 23 11 4 27 6 4 35 13 3 16 11 32 8 4 11 4 82 11 6 16 11 21 18 4 54 9 18 10 13 27 10
 76 11 52 4 10 27 12 23 8 3 4 11 31 27 3 16 18 3 4 11 17 13 12 13 8 6 11 19 18 3 4 28 27 18 4 6 8 4 23 18 10 8 3 4 16 9 11 16 11 17 8 4 18 6 4 18 3 16 18 4 36 9 18 35 18 4 16 8 27 9 40 4 42 11 35 18 21 11 4 23 11 3 16 11 4 65 3 24 18 12 16 8 50 4 20 8 6 7 13 21 27 9 11 12 13 14 6 4 17 18 19 4 16 18 10 11 4 18 6 4 12 27 11 19 28 27 13 18 9 4 10 8 10 18 6 16 8 4 24 11 9 11 4 18 12 23 11 9 4 27 6 4 35 13 3 16 11 32 8 40 4 37 18 4 3 8 9 24 9 18 6 17 18 9 2 4 19 8 4 28 27 18 4 3 18 4 24 27 18 17 18 4 19 8 21 9 11 9 4 12 8 6 4 27 6 8 3 4 24 8 12 8 3 4 12 19 13 12 3 40
 65 31 27 3 16 18 3 4 11 17 13 12 13 8 6 11 19 18 3
 15 3 16 11 4 12 8 6 7 13 21 27 9 11 12 13 14 6 4 9 18 11 19 13 32 11 4 12 11 10 36 13 8 3 4 18 6 4 18 19 4 12 27 11 17 9 8 4 17 18 4 67 18 17 18 3 4 26 8 12 13 11 19 18 3 4 28 27 18 4 11 24 11 9 18 12 18 4 17 18 36 11 31 8 4 17 18 4 19 8 3 4 11 9 16 33 12 27 19 8 3 4 17 18 4 16 27 4 36 19 8 21 40 4 15 3 16 18 4 12 27 11 17 9 8 4 24 18 9 10 13 16 18 4 11 4 3 27 3 4 27 3 27 11 9 13 8 3 4 12 8 10 24 11 9 16 13 9 4 9 2 24 13 17 11 10 18 6 16 18 4 12 8 6 16 18 6 13 17 8 4 18 6 4 62 11 12 18 36 8 8 39 34 4 37 56 13 16 16 18 9 4 52 4 63 8 8 21 19 18 4 54 19 27 3 40
 76 11 36 13 19 13 16 11 9 4 12 8 10 24 11 9 16 13 9 4 18 6 16 9 11 17 11 3
 54 11 21 18 4 29 27 13 19 17 18 9 4 18 3 4 19 11 4 7 8 9 10 11 4 10 2 3 4 3 18 6 12 13 19 19 11 4 17 18 4 12 9 18 11 9 4 27 6 4 3 13 16 13 8 4 28 27 18 4 16 18 4 23 11 21 11 4 3 18 6 16 13 9 4 8 9 21 27 19 19 8 3 8 40 4 30 13 9 33 21 18 16 18 4 11 4 65 24 11 9 13 18 6 12 13 11 4 50 4 54 2 21 13 6 11 4 17 18 4 5 6 13 12 13 8 4 18 6 4 16 27 4 18 3 12 9 13 16 8 9 13 8 4 17 18 4 58 8 9 17 54 9 18 3 3 4 24 11 9 11 4 13 6 3 16 11 19 11 9 19 8 40 4 87 6 11 4 35 18 32 4 28 27 18 4 19 8 4 23 11 52 11 3 4 13 6 3 16 11 19 11 17 8 4 24 8 17 9 2 3 4 12 9 18 11 9 4 24 2 21 13 6 11 3 4 17 13 35 13 17 13 17 11 3 4 18 6 4 12 8 19 27 10 6 11 3 4 27 3 11 6 17 8 4 16 27 3 4 56 13 17 21 18 16 3 40
 15 19 4 3 19 13 17 18 9 4 17 18 4 19 11 4 24 2 21 13 6 11 4 24 9 13 6 12 13 24 11 19 4 18 3 4 27 6 4 21 9 11 6 4 19 27 21 11 9 4 24 11 9 11 4 10 8 3 16 9 11 9 4 16 27 3 4 13 10 2 21 18 6 18 3 4 8 4 10 18 6 3 11 31 18 3 4 17 18 4 10 11 9 12 11 40 4 30 18 36 18 9 2 3 4 13 6 3 16 11 19 11 9 4 1 18 16 11 4 26 19 13 17 18 9 4 24 11 9 11 4 12 9 18 11 9 4 6 27 18 35 8 3 4 3 19 13 17 18 9 3 40 4 87 6 11 4 35 18 32 4 23 18 12 23 8 4 18 3 16 8 34 4 19 8 3 4 3 19 13 17 18 9 3 4 11 24 11 9 18 12 18 9 2 6 4 18 6 4 19 11 4 19 13 3 16 11 4 17 18 3 24 19 18 21 11 36 19 18 40 4 54 8 9 4 11 23 8 9 11 34 4 24 27 18 17 18 3 4 17 18 3 11 12 16 13 35 11 9 4 18 19 4 3 19 13 17 18 9 4 24 8 9 4 17 18 7 18 12 16 8 4 23 11 3 16 11 4 28 27 18 4 12 9 18 18 3 4 18 19 4 16 27 52 8 4 24 9 8 24 13 8 40
 20 11 10 36 13 11 9 4 18 19 4 12 11 9 9 27 3 18 19
 15 19 4 16 18 43 16 8 4 17 18 19 4 18 6 12 11 36 18 32 11 17 8 34 4 28 27 18 4 24 8 9 4 17 18 7 18 12 16 8 4 17 13 12 18 4 48 41 61 19 2 10 11 10 18 34 4 41 88 27 13 18 9 18 3 45 48 4 15 3 4 27 6 4 21 9 11 6 4 19 27 21 11 9 4 24 11 9 11 4 11 21 9 18 21 11 9 4 3 27 4 19 18 10 11 4 17 18 19 4 3 13 16 13 8 4 8 4 19 8 3 4 17 18 16 11 19 19 18 3 4 17 18 4 12 8 6 16 11 12 16 8 40 4 37 11 10 36 13 44 6 4 24 27 18 17 18 3 4 3 8 36 9 18 3 12 9 13 36 13 9 4 18 3 16 18 4 2 9 18 11 4 16 8 16 11 19 10 18 6 16 18 4 11 60 11 17 13 18 6 17 8 4 56 13 17 21 18 16 3 4 11 19 4 2 9 18 11 4 17 18 19 4 56 13 17 21 18 16 4 17 18 4 18 6 12 11 36 18 32 11 17 8 40
 20 11 10 36 13 11 9 4 18 19 4 16 18 43 16 8 4 17 18 19 4 18 6 12 11 36 18 32 11 17 8
 82 11 6 16 11 21 18 4 3 8 24 8 9 16 11 4 17 8 3 4 17 13 3 18 60 8 3 4 17 13 7 18 9 18 6 16 18 3 55 4 18 6 12 11 31 8 6 11 17 8 4 52 4 4 11 6 12 23 8 4 12 8 10 24 19 18 16 8 40 4 65 6 12 23 8 4 12 8 10 24 19 18 16 8 4 18 3 4 18 19 4 35 11 19 8 9 4 24 9 18 17 18 16 18 9 10 13 6 11 17 8 34 4 24 18 9 8 4 18 3 4 24 8 3 13 36 19 18 4 17 11 9 19 18 4 18 19 4 11 3 24 18 12 16 8 4 28 27 18 4 24 9 18 7 13 18 9 11 3 4 12 8 6 4 18 19 4 7 8 9 10 11 16 8 4 18 6 12 11 31 8 6 11 17 8 40 4 65 17 18 10 2 3 34 4 18 19 4 7 8 9 10 11 16 8 4 18 6 12 11 31 8 6 11 17 8 4 16 18 4 17 11 4 11 12 12 18 3 8 4 11 4 19 11 4 7 27 6 12 13 14 6 4 17 18 4 7 8 6 17 8 4 24 18 9 3 8 6 11 19 13 32 11 17 8 40
 15 19 13 21 18 4 27 6 4 17 13 3 18 60 8
 87 6 4 19 8 21 8 16 13 24 8 4 9 18 16 13 6 11 4 18 3 4 27 6 11 4 35 18 9 3 13 14 6 4 17 18 4 17 8 36 19 18 4 16 11 10 11 60 8 4 17 18 4 3 27 4 19 8 21 8 16 13 24 8 4 18 3 16 2 6 17 11 9 40 4 82 11 6 16 11 21 18 4 10 27 18 3 16 9 11 4 18 3 16 11 4 35 18 9 3 13 14 6 4 17 18 4 3 27 4 19 8 21 8 16 13 24 8 4 11 4 27 3 27 11 9 13 8 3 4 12 8 6 4 24 11 6 16 11 19 19 11 3 4 17 18 4 11 19 16 11 4 17 18 6 3 13 17 11 17 4 17 18 4 24 33 43 18 19 18 3 40 4 15 6 4 19 11 4 11 12 16 27 11 19 13 17 11 17 34 4 18 3 16 8 3 4 3 8 6 4 19 8 3 4 10 2 3 4 12 8 10 27 6 18 3 4 18 6 4 19 8 3 4 17 13 3 24 8 3 13 16 13 35 8 3 4 10 14 35 13 19 18 3 34 4 24 18 9 8 4 18 3 16 2 6 4 18 10 24 18 32 11 6 17 8 4 11 4 13 6 7 13 19 16 9 11 9 3 18 4 16 11 10 36 13 44 6 4 18 6 4 17 13 3 24 8 3 13 16 13 35 8 3 4 17 18 4 18 3 12 9 13 16 8 9 13 8 40
 26 27 36 18 4 16 27 4 19 8 21 8 4 9 18 16 13 6 11
 15 19 4 24 9 13 10 18 9 4 24 11 3 8 4 24 11 9 11 4 23 11 12 18 9 4 28 27 18 4 16 27 4 3 13 16 13 8 4 3 18 11 4 66 6 13 12 11 10 18 6 16 18 4 16 27 52 8 4 18 3 4 12 11 9 21 11 9 4 27 6 4 19 8 21 8 16 13 24 8 4 24 18 9 3 8 6 11 19 13 32 11 17 8 40 4 15 19 13 21 18 4 27 6 11 4 13 10 11 21 18 6 4 17 18 4 19 8 21 8 16 13 24 8 4 11 4 12 8 6 16 13 6 27 11 12 13 14 6 34 4 28 27 18 4 9 18 18 10 24 19 11 32 11 9 2 4 11 19 4 16 18 43 16 8 4 17 18 19 4 16 33 16 27 19 8 4 17 18 19 4 3 13 16 13 8 40 4 20 27 11 19 28 27 13 18 9 4 16 11 10 11 60 8 4 7 27 6 12 13 8 6 11 9 2 34 4 24 18 9 8 4 9 18 12 8 10 18 6 17 11 10 8 3 4 28 27 18 4 27 16 13 19 13 12 18 4 27 6 11 4 35 18 9 3 13 14 6 4 24 18 28 27 18 60 11 4 17 18 4 3 27 4 19 8 21 8 16 13 24 8 40
 26 27 36 18 4 16 27 4 19 8 21 8
 82 11 6 16 11 21 18 4 18 3 4 27 6 4 16 18 10 11 4 24 8 17 18 9 8 3 8 4 52 4 10 27 19 16 13 7 27 6 12 13 8 6 11 19 40 4 15 3 16 18 4 16 8 27 9 4 9 2 24 13 17 8 4 16 18 4 21 27 13 11 9 2 4 11 4 16 9 11 35 44 3 4 17 18 4 11 19 21 27 6 8 3 4 17 18 4 19 8 3 4 11 31 27 3 16 18 3 4 36 2 3 13 12 8 3 4 52 4 12 11 9 11 12 16 18 9 33 3 16 13 12 11 3 40
 29 13 18 6 35 18 6 13 17 8 4 11 4 82 11 6 16 11 21 18
 30 13 11 24 8 3 13 16 13 35 11 4 17 18 4 18 31 18 10 24 19 8
 29 66 3 28 27 18 17 11
 67 18 3 27 19 16 11 17 8 3 4 17 18 4 29 66 3 28 27 18 17 11 4 24 11 9 11 55 4 49 3
 87 6 4 37 18 10 11 4 17 18 4 46 11 4 23 9 18 7 47 48 49 3 48 50 26 13 16 18 75 9 13 21 13 6 46 51 11 50
 54 11 9 18 12 18 4 28 27 18 4 6 8 4 24 8 17 18 10 8 3 4 18 6 12 8 6 16 9 11 9 4 19 8 4 28 27 18 4 36 27 3 12 11 3 40 4 37 11 19 4 35 18 32 4 19 11 4 36 66 3 28 27 18 17 11 4 16 18 4 24 27 18 17 18 4 11 52 27 17 11 9 40
 61 8 4 3 18 6 16 13 10 8 3 34 4 24 18 9 8 4 6 11 17 11 4 12 8 13 6 12 13 17 18 4 12 8 6 4 16 27 3 4 16 44 9 10 13 6 8 3 4 17 18 4 36 66 3 28 27 18 17 11 40 4 54 8 9 4 7 11 35 8 9 34 4 5 6 16 44 6 16 11 19 8 4 17 18 4 6 27 18 35 8 4 27 3 11 6 17 8 4 8 16 9 8 3 4 16 44 9 10 13 6 8 3 4 17 13 7 18 9 18 6 16 18 3 40
 41 54 9 18 24 11 9 11 17 8 4 24 11 9 11 4 24 27 36 19 13 12 11 9 4 16 27 4 24 9 13 10 18 9 4 11 9 16 33 12 27 19 8 45 4 46 11 4 23 9 18 7 47 48 49 69 79 3 48 50 54 27 18 17 18 3 4 12 8 10 18 6 32 11 9 4 17 18 3 17 18 4 11 28 27 33 46 51 11 50 40
 42 8 4 3 18 4 18 6 12 27 18 6 16 9 11 4 6 13 6 21 66 6 4 9 18 3 27 19 16 11 17 8
 65 9 16 33 12 27 19 8
 65 9 16 33 12 27 19 8
 65 6 16 18 9 13 8 9
 26 13 21 27 13 18 6 16 18
 65 36 9 13 9 4 18 6 4 27 6 11 4 42 27 18 35 11 4 82 18 6 16 11 6 11
 67 26 26
 63 8 8 21 19 18 4 54 19 27 3
 37 56 13 16 16 18 9
 62 11 12 18 36 8 8 39
 65 60 11 17 13 9 4 24 18 28 27 18 60 8 3 4 13 12 8 6 8 3 4 11 21 9 11 17 11 36 19 18 3 4 28 27 18 4 35 13 6 12 27 19 11 6 4 11 4 16 27 3 4 24 18 9 7 13 19 18 3 4 18 6 4 9 18 17 18 3 4 3 8 12 13 11 19 18 3 40
 82 11 6 16 11 21 18 4 67 18 17 18 3 4 26 8 12 13 11 19 18 3
 26 27 36 18 6 12 11 36 18 32 11 10 13 18 6 16 8
 15 6 12 11 36 18 32 11 10 13 18 6 16 8
 87 6 4 16 33 16 27 19 8 4 21 9 11 6 17 18 4 52 4 18 6 12 11 6 16 11 17 8 9 40
 15 6 12 11 36 18 32 11 10 13 18 6 16 8 4 82 11 6 16 11 21 18
 1 8 3 16 9 11 9 4 20 8 6 16 18 6 18 17 8 9 4 15 6 12 11 31 8 6 11 17 8
 15 6 19 11 32 11 9 4 37 33 16 27 19 8 4 18 4 13 12 8 6 8 4 11 4 48 15 6 19 11 12 18 4 1 2 3 48
 4 15 6 19 11 12 18 4 1 2 3
 1 2 3 4 37 18 43 16 8
 1 18 17 13 11 6 8
 54 18 28 27 18 60 8
 37 11 10 11 60 8 4 5 12 8 6 8
 30 18 9 18 12 23 11
 5 32 28 27 13 18 9 17 11
 5 6 7 18 9 13 8 9
 26 27 24 18 9 13 8 9
 54 8 3 13 12 13 14 6 4 17 18 19 4 13 12 8 6 8
 87 67 61 4 17 18 4 19 11 4 13 10 11 21 18 6 4 12 8 6 4 12 33 9 12 27 19 8 4 17 18 4 7 8 6 17 8
 20 8 19 8 9 4 7 8 6 17 8 4 13 12 8 6 8
 5 12 8 6 8 3
 37 18 43 16 8
 37 33 16 27 19 8
 1 2 3 4 13 6 7 8 9 10 11 12 13 14 6
 87 6 4 13 12 8 6 8 4 18 6 4 27 6 4 12 33 9 12 27 19 8 4 12 8 6 4 11 19 21 66 6 4 16 18 43 16 8 4 17 18 36 11 31 8 4 17 18 4 44 19
 5 12 8 6 8 4 12 13 9 12 27 19 11 9
 54 27 36 19 13 12 11 17 8 4 18 6 4 49 69 79 3 40
 54 27 36 19 13 12 11 17 8 4 18 6 4 49 69 79 3 4 52 4 18 16 13 28 27 18 16 11 17 8 4 49 70 79 3 40
 46 3 16 9 8 6 21 50 15 16 13 28 27 18 16 11 17 8 46 51 3 16 9 8 6 21 50 4 49 70 79 3 40
 34 4
 65 9 12 23 13 35 8 3
 49 3 55 4 49 3
 65 9 12 23 13 35 8 4 24 8 9 4 11 60 8 3 55 4 49 3
 65 9 12 23 13 35 8 4 24 8 9 4 10 18 3 18 3 55 4 49 3
 65 9 12 23 13 35 8 4 24 8 9 4 17 33 11 3 55 4 49 3
 65 9 12 23 13 35 8 4 17 18 19 4 65 27 16 8 9 55 4 49 3
 65 9 12 23 13 35 8 4 17 18 4 19 11 4 18 16 13 28 27 18 16 11 55 4 49 3
 65 9 12 23 13 35 8 4 24 8 9 4 20 11 16 18 21 8 9 33 11 55 4 49 3
 49 3 4 19 8 21 8
 82 18 9 4 16 8 17 8 3 4 19 8 3 4 11 9 16 33 12 27 19 8 3 4 17 18 4 49 3
 37 27 4 12 8 10 18 6 16 11 9 13 8 4 18 3 16 2 4 11 4 19 11 4 18 3 24 18 9 11 4 17 18 4 10 8 17 18 9 11 12 13 14 6 40
 49 69 79 3 4 11 16 4 49 70 79 3
 73 15 17 13 16 11 9 74
 54 13 6 21 36 11 12 39 55
 22 9 11 9 9 25
 22 19 11 9 9 25
 42 11 35 18 21 11 17 8 9 4 17 18 4 11 9 16 33 12 27 19 8 3
 77 61 19 2 10 11 10 18 78 4 41 88 27 13 32 2 3 45
 5 6 52 18 12 16 11 9 4 38 11 35 11 26 12 9 13 24 16 4 18 6 4 18 19 4 54 13 18 4 17 18 4 54 2 21 13 6 11 34 4 3 13 4 18 3 4 24 8 3 13 36 19 18 40
 5 6 52 18 12 16 11 9 4 38 11 35 11 26 12 9 13 24 16 4 18 6 4 18 19 4 54 13 18 4 17 18 4 54 2 21 13 6 11
 37 18 43 16 8 4 28 27 18 4 3 18 4 10 8 3 16 9 11 9 2 4 18 6 4 18 19 4 24 13 18 4 17 18 4 24 2 21 13 6 11 40 4 108 26 13 16 18 57 16 13 16 19 18 92 34 4 108 12 8 24 52 9 13 21 23 16 92 4 52 4 108 52 18 11 9 92 4 24 27 18 17 18 6 4 9 18 18 10 24 19 11 32 11 9 4 18 19 4 16 33 16 27 19 8 4 17 18 4 3 27 4 3 13 16 13 8 4 56 18 36 34 4 18 19 4 3 33 10 36 8 19 8 4 17 18 4 12 8 24 52 9 13 21 23 16 4 52 4 18 19 4 11 60 8 4 11 12 16 27 11 19 40
 37 18 43 16 8 4 17 18 4 13 6 7 8 9 10 11 12 13 14 6 4 17 18 4 3 13 16 13 8
 1 11 6 16 44 6 4 16 27 3 4 12 8 6 35 18 9 3 11 12 13 8 6 18 3 4 7 19 27 52 18 6 17 8 4 12 8 6 4 19 8 3 4 12 8 10 18 6 16 11 9 13 8 3 4 17 18 4 11 31 11 43 40
 20 8 10 18 6 16 11 9 13 8 3 4 11 31 11 43
 1 27 18 3 16 9 11 4 27 6 11 4 12 11 31 11 4 17 18 4 11 27 16 8 9 4 17 18 36 11 31 8 4 17 18 4 12 11 17 11 4 11 9 16 33 12 27 19 8
 20 11 31 11 4 17 18 19 4 65 27 16 8 9
 5 12 8 6 8 4 24 18 28 27 18 60 8
 63 9 11 6 17 18
 37 13 24 8 4 17 18 4 5 10 11 21 18 6 4 30 18 3 16 11 12 11 17 11
 1 8 3 16 9 11 9 4 19 11 4 13 10 11 21 18 6 4 17 18 3 16 11 12 11 17 11 4 18 6 4 19 11 4 24 2 21 13 6 11 4 17 18 19 4 11 9 16 33 12 27 19 8 40
 5 10 11 21 18 6 4 30 18 3 16 11 12 11 17 11
 62 18 12 23 11 4 65 9 16 33 12 27 19 8
 65 27 16 8 9 4 65 9 16 33 12 27 19 8
 1 8 3 16 9 11 9
 1 18 16 11 17 11 16 8 3 4 65 9 16 33 12 27 19 8
 15 19 13 21 18 4 12 14 10 8 4 10 8 3 16 9 11 9 4 19 8 3 4 11 9 16 33 12 27 19 8 3 4 18 6 4 18 19 4 11 9 12 23 13 35 8 4 17 18 4 11 9 16 33 12 27 19 8 3 4 12 27 11 6 17 8 4 3 18 4 27 16 13 19 13 32 11 4 18 19 4 17 13 3 18 60 8 4 17 18 4 36 19 8 21 4 24 9 18 17 18 16 18 9 10 13 6 11 17 8 40
 15 43 16 9 11 12 16 8 4 17 18 19 4 65 9 16 33 12 27 19 8
 65 9 16 33 12 27 19 8 4 20 8 10 24 19 18 16 8
 20 8 6 16 18 6 13 17 8 4 17 18 19 4 11 9 16 33 12 27 19 8
 30 13 3 18 60 8 4 65 9 12 23 13 35 8 4 17 18 4 29 19 8 21
 15 3 16 13 9 11 9 4 18 19 4 3 19 13 17 18 9 4 17 18 4 19 11 4 24 2 21 13 6 11 4 17 18 4 13 6 13 12 13 8 4 11 19 4 11 6 12 23 8 4 17 18 4 19 11 4 24 11 6 16 11 19 19 11 4 3 13 4 27 3 11 3 4 27 6 4 17 13 3 18 60 8 4 17 18 4 11 6 12 23 8 4 12 8 10 24 19 18 16 8 40
 15 3 16 13 9 11 9
 15 3 16 13 9 11 9 4 26 19 13 17 18 9 4 54 2 21 13 6 11 4 17 18 4 5 6 13 12 13 8
 15 3 16 18 4 16 18 10 11 4 3 8 24 8 9 16 11 4 46 11 4 23 9 18 7 47 48 49 3 48 4 16 11 9 21 18 16 47 48 59 36 19 11 6 39 48 50 1 18 16 11 4 26 19 13 17 18 9 46 51 11 50 40 4 46 11 4 23 9 18 7 47 48 49 3 48 50 5 6 3 16 2 19 11 19 8 46 51 11 50 4 21 9 11 16 13 3 4 24 11 9 11 4 12 9 18 11 9 4 10 11 9 11 35 13 19 19 8 3 8 3 4 3 19 13 17 18 9 3 4 9 18 3 24 8 6 3 13 35 8 3 4 57 4 46 11 4 23 9 18 7 47 48 49 3 48 4 16 11 9 21 18 16 47 48 59 36 19 11 6 39 48 50 1 2 3 4 13 6 7 8 9 10 11 12 13 14 6 46 51 11 50
 26 19 13 17 18 9 4 54 2 21 13 6 11 4 17 18 4 5 6 13 12 13 8
 76 11 36 13 19 13 16 11 4 18 19 4 10 18 6 66 4 24 18 21 11 31 8 3 8 4 52 4 3 27 36 13 9 4 11 9 9 13 36 11 4 24 11 9 11 4 17 13 3 24 8 3 13 16 13 35 8 3 4 10 14 35 13 19 18 3 40
 42 11 35 18 21 11 12 13 14 6 4 1 14 35 13 19
 1 27 18 3 16 9 11 4 18 19 4 13 12 8 6 8 4 17 18 4 27 6 11 4 12 11 3 11 4 24 11 9 11 4 19 8 3 4 18 6 19 11 12 18 3 4 17 18 4 19 11 4 24 2 21 13 6 11 4 17 18 4 13 6 13 12 13 8 40
 5 12 8 6 8 4 54 2 21 13 6 11 4 17 18 4 5 6 13 12 13 8
 1 27 18 3 16 9 11 4 3 13 21 27 13 18 6 16 18 51 11 6 16 18 9 13 8 9 4 6 11 35 18 21 11 12 13 14 6 4 11 9 16 33 12 27 19 8 3 40
 42 11 35 18 21 11 12 13 14 6 4 65 9 16 33 12 27 19 8 3
 1 27 18 3 16 9 11 4 27 6 4 36 8 16 14 6 4 3 27 36 13 9 4 11 9 9 13 36 11 4 12 27 11 6 17 8 4 27 6 4 27 3 27 11 9 13 8 4 3 18 4 17 18 3 24 19 11 32 11 4 23 11 12 13 11 4 11 36 11 31 8 40
 1 8 3 16 9 11 9 4 26 27 36 13 9 4 65 9 9 13 36 11
 1 27 18 3 16 9 11 4 19 11 4 36 66 3 28 27 18 17 11 4 18 6 4 18 19 4 10 18 6 66 4 24 9 13 6 12 13 24 11 19 40
 29 66 3 28 27 18 17 11 4 18 6 4 1 18 6 66
 54 18 21 11 4 18 19 4 10 18 6 66 4 18 6 4 19 11 4 24 11 9 16 18 4 3 27 24 18 9 13 8 9 4 17 18 4 19 11 4 24 11 6 16 11 19 19 11 4 12 27 11 6 17 8 4 27 6 4 27 3 27 11 9 13 8 4 3 18 4 17 18 3 24 19 11 32 11 4 23 11 12 13 11 4 11 36 11 31 8 40
 1 18 6 66 4 54 18 21 11 31 8 3 8
 15 19 4 36 8 16 14 6 4 27 16 13 19 13 32 11 17 8 4 24 11 9 11 4 18 19 4 10 18 6 66 4 10 14 35 13 19 40
 87 3 11 9 4 27 6 4 10 18 6 66 4 10 14 35 13 19 4 18 3 24 18 12 13 11 19 4 24 11 9 11 4 17 13 3 24 8 3 13 16 13 35 8 3 4 17 18 4 24 11 6 16 11 19 19 11 4 24 18 28 27 18 60 11 40
 20 11 10 36 13 11 9 4 18 19 4 17 13 3 18 60 8 4 17 18 19 4 24 13 18 4 17 18 4 24 2 21 13 6 11 4 28 27 18 4 18 3 16 2 3 4 27 16 13 19 13 32 11 6 17 8 40
 30 13 3 18 60 8 4 17 18 19 4 54 13 18 4 17 18 4 54 2 21 13 6 11
 15 19 13 31 11 4 12 14 10 8 4 3 18 4 10 8 3 16 9 11 9 2 4 18 19 4 10 18 6 66 4 17 18 19 4 18 6 12 11 36 18 32 11 17 8
 1 18 6 27 4 17 18 4 18 6 12 11 36 18 32 11 17 8
 20 11 10 36 13 11 4 28 27 44 4 17 13 3 18 60 8 4 17 18 4 2 9 18 11 4 17 18 4 18 6 12 11 36 18 32 11 17 8 4 18 3 16 2 3 4 27 3 11 6 17 8
 30 13 3 18 60 8 4 17 18 19 4 18 6 12 11 36 18 32 11 17 8
 20 11 10 36 13 11 4 18 19 4 11 6 12 23 8 4 17 18 4 19 8 3 4 19 33 10 13 16 18 3 4 17 18 4 19 11 4 12 11 31 11 40
 65 6 12 23 8 4 20 8 10 24 19 18 16 8
 15 6 12 11 31 8 6 11 17 8
 61 33 10 13 16 18 3 4 17 18 19 4 30 13 3 18 60 8
 5 6 12 19 27 52 18 4 62 13 16 82 13 17 3 40 31 3 4 24 11 9 11 4 18 19 4 17 13 3 18 60 8 4 17 18 4 13 6 3 18 9 12 13 8 6 18 3 4 17 18 4 35 33 17 18 8 4 7 19 27 13 17 8 40
 65 12 16 13 35 11 9 4 62 13 16 82 13 17 3 40 31 3
 15 3 12 11 19 11 4 16 27 4 17 13 3 18 60 8 4 24 11 9 11 4 17 13 3 24 8 3 13 16 13 35 8 3 4 17 18 4 24 11 6 16 11 19 19 11 4 24 18 28 27 18 60 11 40
 30 13 3 18 60 8 4 11 24 11 24 16 11 36 19 18
 26 13 4 18 3 16 2 4 11 12 16 13 35 11 17 8 34 4 19 8 3 4 56 13 17 21 18 16 3 4 17 18 19 4 18 6 12 11 36 18 32 11 17 8 4 17 18 4 19 11 4 24 2 21 13 6 11 4 6 8 4 3 18 4 3 27 24 18 9 24 8 6 17 9 2 6 4 11 4 19 11 4 13 10 11 21 18 6 4 17 18 19 4 19 8 21 8 16 13 24 8 4 24 9 13 6 12 13 24 11 19 40
 26 13 6 4 58 13 17 21 18 16 3 4 26 27 24 18 9 24 27 18 3 16 8 3
 37 18 43 16 8 4 20 11 36 18 12 18 9 11
 87 6 11 4 35 18 9 3 13 14 6 4 17 18 19 4 17 8 36 19 18 4 17 18 4 16 11 10 11 60 8 4 17 18 4 3 27 4 19 8 21 8 16 13 24 8 4 24 11 9 11 4 19 11 3 4 24 11 6 16 11 19 19 11 3 4 67 18 16 13 6 11 40 4 30 18 36 18 4 27 16 13 19 13 32 11 9 3 18 4 11 17 18 10 2 3 4 17 18 19 4 19 8 21 8 16 13 24 8 4 18 3 16 2 6 17 11 9 40
 61 8 21 8 4 67 18 16 13 6 11
 20 27 11 6 17 8 4 27 3 18 3 4 18 6 4 18 19 4 17 13 3 18 60 8 4 17 18 4 19 11 4 12 11 36 18 12 18 9 11 4 18 19 4 48 19 8 21 8 4 17 18 6 16 9 8 4 17 18 19 4 10 18 6 66 48 34 4 9 18 3 16 9 13 6 21 18 4 18 19 4 16 11 10 11 60 8 4 17 18 19 4 19 8 21 8 4 24 11 9 11 4 11 31 27 3 16 11 9 19 8 4 11 4 19 11 4 11 19 16 27 9 11 4 17 18 19 4 10 18 6 66
 26 13
 67 18 3 16 9 13 6 21 13 9 4 61 11 4 65 19 16 27 9 11 4 30 18 19 4 61 8 21 8
 37 27 4 24 9 8 24 13 8 4 19 8 21 8 4 24 18 9 3 8 6 11 19 13 32 11 17 8 40
 15 3 16 11 36 19 18 12 18 9 4 61 8 21 8
 15 19 18 21 13 9 4 5 10 11 21 18 6
 5 10 11 21 18 6 4 17 18 4 61 8 21 8
 63 18 6 18 9 11 19
 26 8 12 13 11 19
 29 19 8 21
 42 11 35 18 21 11 12 13 14 6
 54 2 21 13 6 11 4 17 18 4 5 6 13 12 13 8
 30 13 3 18 60 8
 61 8 21 8
 58 13 17 21 18 16 3 4 17 18 4 82 11 6 16 11 21 18
 26 13 6 4 1 11 9 21 18 6 4 5 6 7 18 9 13 8 9
 67 18 24 18 16 13 9 4 5 10 11 21 18 6 4 17 18 4 62 8 6 17 8
 15 6 19 11 12 18 4 5 10 11 21 18 6 4 17 18 4 62 8 6 17 8
 20 8 19 8 9 4 30 18 4 62 8 6 17 8
 20 8 19 8 9 4 29 8 9 17 18 4 5 6 7 18 9 13 8 9
 20 8 19 8 9 4 29 8 9 17 18 4 26 27 24 18 9 13 8 9
 63 9 13 3 4 65 6 12 23 8
 76 11 52 4 10 27 12 23 8 3 4 56 13 17 21 18 16 3 4 13 6 12 19 27 13 17 8 3 4 12 8 6 4 54 11 21 18 4 29 27 13 19 17 18 9 40 4 54 27 18 17 18 3 4 27 16 13 19 13 32 11 9 19 8 3 4 24 11 9 11 4 17 11 9 19 18 4 35 13 17 11 4 11 4 16 27 3 4 24 2 21 13 6 11 3 40
 89 19 16 13 10 8 3 4 54 8 3 16 3
 54 27 18 17 18 3 4 24 18 9 3 8 6 11 19 13 32 11 9 19 8 4 52 4 24 8 6 18 9 19 8 4 17 8 6 17 18 4 28 27 13 18 9 11 3
 126 3 16 18 4 15 3 4 87 6 4 58 13 17 21 18 16 4 30 18 4 15 6 12 11 36 18 32 11 10 13 18 6 16 8
 29 8 16 14 6 4 37 18 3 16
 20 8 6 3 16 9 27 13 9 4 16 27 3 4 24 2 21 13 6 11 3 4 27 3 11 6 17 8 4 19 11 4 7 27 6 12 13 14 6 4 12 8 9 16 11 9 4 52 4 24 18 21 11 9 4 17 18 4 54 11 21 18 4 29 27 13 19 17 18 9 4 18 3 4 27 6 11 4 21 9 11 6 4 18 43 24 18 9 13 18 6 12 13 11 4 28 27 18 4 16 18 4 11 23 8 9 9 11 4 16 13 18 10 24 8 40 4 15 19 4 16 13 18 10 24 8 4 18 3 4 35 11 19 13 8 3 8 40 4 42 8 4 19 8 4 10 11 19 21 11 3 16 18 3 40
 65 23 8 9 9 11 4 37 13 18 10 24 8
 29 8 16 14 6 4 17 18 4 15 31 18 10 24 19 8
 15 3 16 18 4 56 13 17 21 18 16 4 27 16 13 19 13 32 11 4 62 8 6 16 65 56 18 3 8 10 18 4 57 4 8 7 9 18 12 13 44 6 17 8 19 18 4 12 13 18 6 16 8 3 4 17 18 4 13 12 8 6 8 3 40 4 75 4 24 27 18 17 18 3 4 13 6 23 11 36 13 19 13 16 11 9 4 18 19 4 13 12 8 6 8 4 52 4 27 16 13 19 13 32 11 9 4 3 27 4 24 9 8 24 13 11 4 13 10 11 21 18 6 40 4 5 17 18 11 19 4 24 11 9 11 4 19 8 3 4 16 18 3 16 13 10 8 6 13 8 3 40
 1 8 6 16 14 6 4 17 18 4 5 12 8 6 8 3
 15 10 24 18 32 11 9 4 11 4 18 17 13 16 11 9
 54 27 18 17 18 4 18 17 13 16 11 9 4 18 3 16 11 4 24 2 21 13 6 11 4 24 9 13 6 12 13 24 11 19 4 27 16 13 19 13 32 11 6 17 8 4 21 9 11 16 27 13 16 11 10 18 6 16 18 4 54 11 21 18 4 29 27 13 19 17 18 9 34 4 11 9 9 11 3 16 9 11 6 17 8 4 52 4 3 8 19 16 11 6 17 8 34 4 8 4 3 13 10 24 19 18 10 18 6 16 18 4 17 18 3 23 11 36 13 19 13 16 11 9 19 8 4 24 11 9 11 4 35 8 19 35 18 9 4 11 4 27 6 11 4 18 17 13 12 13 14 6 4 18 3 16 2 6 17 11 9 4 17 18 19 4 36 19 8 21 40 4 15 3 4 27 6 11 4 24 8 17 18 9 8 3 11 4 18 43 24 18 9 13 18 6 12 13 11 4 18 6 4 19 11 4 12 8 6 3 16 9 27 12 12 13 14 6 4 17 18 4 24 2 21 13 6 11 3 40
 54 2 21 13 6 11 4 17 18 4 5 6 13 12 13 8 4 15 17 13 16 11 36 19 18
 5 6 13 12 13 8 4 24 8 9 4 30 18 7 18 12 16 8
 26 13 16 18 75 9 13 21 13 6 4 54 11 21 18 4 29 27 13 19 17 18 9
 5 6 3 16 11 19 11 9 4 54 11 21 18 4 29 27 13 19 17 18 9
 5 6 3 16 11 19 11 9
 61 11 4 24 2 21 13 6 11 4 24 9 13 6 12 13 24 11 19
 20 8 6 3 16 9 27 12 16 8 9 4 24 18 9 3 8 6 11 19 13 32 11 17 8 4 17 18 4 19 11 4 24 2 21 13 6 11 4 17 18 4 5 6 13 12 13 8
 54 11 21 18 4 29 27 13 19 17 18 9
 5 6 3 16 11 19 11 9 4 18 19 4 54 19 27 21 13 6 4 54 11 21 18 4 29 27 13 19 17 18 9
 15 3 16 13 9 11 9 4 26 19 13 17 18 9 4 18 6 4 19 11 4 54 2 21 13 6 11
 1 8 3 16 9 11 9 4 1 18 16 11 4 26 19 13 17 18 9 4 18 6 4 19 11 4 54 2 21 13 6 11
 1 18 16 11 4 26 19 13 17 18 9 4 24 11 9 11 4 54 2 21 13 6 11 3
 82 11 6 16 11 21 18 4 73 62 19 18 43 74
 5 12 8 6 8 4 1 18 6 66
 26 19 13 17 18 9
 54 2 21 13 6 11 4 49 3
 26 13 21 27 13 18 6 16 18 4 22 9 11 9 9 25
 22 19 11 9 9 25 4 65 6 16 18 9 13 8 9
 82 8 19 35 18 9 4 65 9 9 13 36 11
 20 11 36 18 12 18 9 11
 54 13 18 4 17 18 4 54 2 21 13 6 11
 29 11 9 9 11 4 19 11 16 18 9 11 19
 1 18 6 66 4 54 9 13 6 12 13 24 11 19
 5 12 8 6 8 3 4 1 44 17 13 12 8 3
 5 12 8 6 8 3 4 17 18 4 1 11 9 12 11 3
 5 12 8 6 8 3 4 67 18 24 9 8 17 27 12 16 8 9 4 82 33 17 18 8
 5 12 8 6 8 3 4 17 18 4 30 13 9 18 12 12 13 14 6
 5 12 8 6 8 3 4 15 17 13 16 8 9 4 17 18 4 37 18 43 16 8
 5 12 8 6 8 3 4 17 18 4 1 8 6 18 17 11 3
 5 12 8 6 8 3 4 17 18 4 63 9 2 7 13 12 8 3
 5 12 8 6 8 3 4 1 18 17 13 8 3 4 17 18 4 54 11 21 8
 5 12 8 6 8 3 4 17 18 4 20 8 6 16 9 8 19 18 3 4 17 18 4 62 8 9 10 27 19 11 9 13 8
 5 12 8 6 8 3 4 63 13 9 11 16 8 9 13 8 3
 5 12 8 6 8 3 4 17 18 4 37 13 24 8 3 4 17 18 4 65 9 12 23 13 35 8
 5 12 8 6 8 3 4 65 24 19 13 12 11 12 13 14 6 4 58 18 36
 15 17 13 16 11 9
 65 31 27 3 16 18 3 4 30 18 19 4 37 18 10 11
 20 18 9 9 11 9
 5 6 3 16 11 19 11 6 17 8 4 49 3
 5 6 3 16 11 19 11 9 4 54 19 27 21 13 6 4 17 18 19 4 37 18 10 11
 26 19 13 17 18 9 55 4
 26 19 13 17 18 9 4 17 18 4 18 31 18 10 24 19 8
 42 13 6 21 27 6 8
 63 9 11 6 4 37 13 16 27 19 11 9
 30 18 9 18 12 23 11 4 29 2 3 13 12 8
 87 6 4 36 8 16 14 6 4 17 18 4 11 12 12 13 14 6
 126 3 16 18 4 18 3 4 18 19 4 3 18 21 27 6 17 8
 15 3 16 11 4 18 3 4 19 11 4 24 9 13 10 18 9 11 4 19 33 6 18 11
 5 32 28 27 13 18 9 17 11 4 29 2 3 13 12 8
 15 6 19 11 12 18 4 24 18 9 10 11 6 18 6 16 18 4 11 4 49 3
 54 2 21 13 6 11 3 55
 20 8 6 16 13 6 66 11 4 19 18 52 18 6 17 8 4 46 3 24 11 6 4 12 19 11 3 3 47 48 10 18 16 11 57 6 11 35 48 50 22 9 11 9 9 25 46 51 3 24 11 6 50
 61 8 3 4 12 8 10 18 6 16 11 9 13 8 3 4 18 3 16 2 6 4 12 18 9 9 11 17 8 3 40
 26 13 21 27 13 18 6 16 18 3 4 12 8 10 18 6 16 11 9 13 8 3 4 22 9 11 9 9 25
 22 19 11 9 9 25 4 20 8 10 18 6 16 11 9 13 8 3 4 65 6 16 18 9 13 8 9 18 3
 42 11 35 18 21 11 17 8 9 4 17 18 4 12 8 10 18 6 16 11 9 13 8 3
 5 6 16 18 6 16 11 4 36 27 3 12 11 9 4 18 6 4 19 8 3 4 11 9 12 23 13 35 8 3 4 10 18 6 3 27 11 19 18 3 40
 20 11 16 18 21 8 9 33 11 3 4 7 11 35 8 9 13 16 11 3
 54 11 9 18 12 18 4 28 27 18 4 6 8 4 3 18 4 18 6 12 27 18 6 16 9 11 4 6 11 17 11 4 18 6 4 18 3 16 11 4 17 13 9 18 12 12 13 14 6 40 4 54 27 18 17 18 3 4 13 6 16 18 6 16 11 9 4 9 18 11 19 13 32 11 9 4 27 6 11 4 36 66 3 28 27 18 17 11 4 8 4 27 3 11 9 4 11 19 21 27 6 8 4 17 18 4 19 8 3 4 18 6 19 11 12 18 3 4 28 27 18 4 3 18 4 18 6 12 27 18 6 16 9 11 6 4 10 2 3 4 11 36 11 31 8 40
 15 3 16 11 4 24 2 21 13 6 11 4 6 8 4 18 43 13 3 16 18 40
 23 16 16 24 3 55 51 51 3 13 16 18 8 9 13 21 13 6 40 12 8 10 51
 26 13 16 18 75 9 13 21 13 6
 23 16 16 24 3 55 51 51 3 13 16 18 8 9 13 21 13 6 40 12 8 10 51 16 23 18 10 18 51 35 11 6 16 11 21 18 51
