 15 19 4 66 6 13 12 8 4 24 19 27 21 13 6 4 28 27 18 4 6 18 12 18 3 13 16 11 3 4 24 11 9 11 4 16 18 6 18 9 4 18 3 16 11 17 33 3 16 13 12 11 3 34 4 18 6 16 9 11 17 11 3 4 9 18 19 11 12 13 8 6 11 17 11 3 34 4 8 24 16 13 10 13 32 11 12 13 14 6 4 18 6 4 10 8 16 8 9 18 3 4 17 18 4 36 66 3 28 27 18 17 11 34 4 12 8 10 24 11 9 16 13 9 4 18 6 4 9 18 17 18 3 4 3 8 12 13 11 19 18 3 34 4 24 9 8 16 18 12 12 13 14 6 34 4 12 8 24 13 11 3 4 17 18 4 3 18 21 27 9 13 17 11 17 34 4 35 18 19 8 12 13 17 11 17 4 52 4 21 18 3 16 13 14 6 4 17 18 4 19 13 3 16 11 3 4 17 18 4 12 8 9 9 18 8 4 18 19 18 12 16 9 14 6 13 12 8 40
 37 18 6 18 10 8 3 4 27 6 4 18 28 27 13 24 8 4 12 8 10 24 19 18 16 8 4 17 18 4 13 6 21 18 6 13 18 9 8 3 4 17 18 4 7 18 19 13 12 13 17 11 17 4 17 13 3 24 27 18 3 16 8 3 4 11 4 11 52 27 17 11 9 16 18 40 4 76 11 32 4 16 27 3 4 24 9 18 21 27 6 16 11 3 4 18 6 4 18 19 4 7 8 9 8 4 17 18 4 11 52 27 17 11 4 8 4 46 11 4 23 9 18 7 47 48 23 16 16 24 3 55 51 51 31 18 16 24 11 12 39 40 12 8 10 51 12 8 6 16 11 12 16 57 3 27 24 24 8 9 16 48 50 24 8 6 16 18 4 18 6 4 12 8 6 16 11 12 16 8 4 12 8 6 4 6 8 3 8 16 9 8 3 4 17 13 9 18 12 16 11 10 18 6 16 18 46 51 11 50 40
 38 18 16 24 11 12 39 4 36 52 4 58 8 9 17 54 9 18 3 3 40 12 8 10
 54 27 36 19 13 12 11 9 4 19 11 4 18 6 16 9 11 17 11 55 4 23 16 16 24 55 51 51 56 24 40 10 18 51 24 69 10 8 37 52 57 84 67 19
 5 6 3 16 9 27 12 12 13 8 6 18 3 4 24 11 9 11 4 19 11 4 13 6 3 16 11 19 11 12 13 14 6
 87 6 11 4 35 18 32 4 13 6 3 16 11 19 18 3 4 38 18 16 24 11 12 39 4 16 27 3 4 18 3 16 11 17 33 3 16 13 12 11 3 4 18 3 16 11 9 2 6 4 17 13 3 24 8 6 13 36 19 18 3 4 18 6 4 46 11 4 23 9 18 7 47 48 23 16 16 24 3 55 51 51 56 8 9 17 24 9 18 3 3 40 12 8 10 51 3 16 11 16 3 48 50 58 8 9 17 54 9 18 3 3 40 12 8 10 51 26 16 11 16 3 46 51 11 50 34 4 18 6 4 19 11 3 4 46 11 4 23 9 18 7 47 48 23 16 16 24 3 55 51 51 11 24 24 3 40 56 8 9 17 24 9 18 3 3 40 12 8 10 51 10 8 36 13 19 18 51 48 50 11 24 19 13 12 11 12 13 8 6 18 3 4 10 14 35 13 19 18 3 4 58 8 9 17 54 9 18 3 3 46 51 11 50 4 8 7 13 12 13 11 19 18 3 4 52 4 18 6 4 16 27 4 18 3 12 9 13 16 8 9 13 8 4 17 18 4 38 18 16 24 11 12 39 40
 61 11 4 12 27 18 6 16 11 4 17 18 4 58 8 9 17 54 9 18 3 3 40 12 8 10 4 18 3 4 17 13 3 16 13 6 16 11 4 17 18 4 19 11 4 28 27 18 4 27 3 11 3 4 24 11 9 11 4 11 12 12 18 17 18 9 4 11 4 16 27 4 58 8 9 17 54 9 18 3 3 4 11 19 8 31 11 17 8 4 24 8 9 4 16 27 4 12 27 18 6 16 11 40 4 26 13 4 24 27 18 17 18 3 4 11 12 12 18 17 18 9 4 11 4 46 11 4 23 9 18 7 47 48 23 16 16 24 3 55 51 51 56 8 9 17 24 9 18 3 3 40 12 8 10 48 50 58 8 9 17 54 9 18 3 3 40 12 8 10 46 51 11 50 4 18 6 16 8 6 12 18 3 4 52 11 4 16 13 18 6 18 3 18 4 27 6 11 4 12 27 18 6 16 11 4 17 18 4 58 8 9 17 54 9 18 3 3 40 12 8 10 40 4 26 13 4 6 8 4 24 27 18 17 18 3 34 4 12 9 18 11 4 27 6 11 4 7 2 12 13 19 10 18 6 16 18 4 46 11 4 23 9 18 7 47 48 23 16 16 24 3 55 51 51 31 18 16 24 11 12 39 40 12 8 10 51 13 6 3 16 11 19 19 45 7 9 8 10 47 56 24 8 9 21 48 50 17 27 9 11 6 16 18 4 19 11 4 13 6 3 16 11 19 11 12 13 14 6 46 51 11 50 40
 20 8 10 8 4 38 18 16 24 11 12 39 4 52 4 3 27 3 4 3 18 9 35 13 12 13 8 3 4 19 8 3 4 8 7 9 18 12 18 4 52 4 18 3 16 2 6 4 11 19 8 31 11 17 8 3 4 18 6 4 58 8 9 17 54 9 18 3 3 40 12 8 10 34 4 3 18 4 9 18 28 27 13 18 9 18 4 27 6 11 4 12 27 18 6 16 11 4 17 18 4 58 8 9 17 54 9 18 3 3 40 12 8 10 4 24 11 9 11 4 28 27 18 4 7 27 6 12 13 8 6 18 4 38 18 16 24 11 12 39 40
 26 13 4 16 13 18 6 18 3 4 13 6 16 18 9 44 3 4 18 6 4 11 24 9 18 6 17 18 9 4 10 2 3 4 11 12 18 9 12 11 4 17 18 4 19 11 3 4 12 11 24 11 3 4 18 43 16 9 11 4 17 18 4 24 9 8 16 18 12 12 13 14 6 4 52 4 23 18 9 9 11 10 13 18 6 16 11 3 4 11 35 11 6 32 11 17 11 3 4 17 13 3 24 8 6 13 36 19 18 3 34 4 11 24 9 18 6 17 18 4 10 2 3 4 3 8 36 9 18 4 6 27 18 3 16 9 8 3 4 46 11 4 23 9 18 7 47 48 23 16 16 24 3 55 51 51 31 18 16 24 11 12 39 40 12 8 10 51 24 9 13 12 13 6 21 45 7 9 8 10 47 56 24 8 9 21 48 50 24 19 11 6 18 3 4 17 18 4 24 11 21 8 46 51 11 50 40
 61 8 3 4 3 18 9 35 13 12 13 8 3 4 17 18 4 24 11 21 8 4 17 18 4 38 18 16 24 11 12 39 4 13 6 12 19 27 52 18 6 4 12 8 24 13 11 3 4 17 18 4 3 18 21 27 9 13 17 11 17 4 11 27 16 8 10 11 16 13 32 11 17 11 3 34 4 18 3 12 11 6 18 8 4 17 18 4 3 18 21 27 9 13 17 11 17 34 4 7 13 19 16 9 11 17 8 4 17 18 4 3 24 11 10 34 4 11 19 8 31 11 10 13 18 6 16 8 4 17 18 4 35 33 17 18 8 34 4 10 8 6 18 16 13 32 11 12 13 14 6 4 17 18 4 16 27 4 3 13 16 13 8 34 4 23 18 9 9 11 10 13 18 6 16 11 3 4 26 15 75 4 52 4 3 8 24 8 9 16 18 4 24 9 13 8 9 13 16 11 9 13 8 40
 77 26 33 78 4 61 11 3 4 12 11 9 11 12 16 18 9 33 3 16 13 12 11 3 4 36 11 3 18 4 17 18 4 38 18 16 24 11 12 39 4 3 8 6 4 52 4 3 13 18 10 24 9 18 4 3 18 9 2 6 4 21 9 11 16 13 3 40
 41 30 18 36 18 9 33 11 4 12 8 10 24 9 11 9 4 27 6 4 24 19 11 6 4 17 18 4 24 11 21 8 45
 65 19 16 18 9 6 11 16 13 35 11 10 18 6 16 18 34 4 13 6 3 16 11 19 11 4 38 18 16 24 11 12 39 4 11 4 16 9 11 35 44 3 4 17 18 19 4 17 13 9 18 12 16 8 9 13 8 4 17 18 4 24 19 27 21 13 6 3 34 4 8 4 3 27 36 18 4 10 11 6 27 11 19 10 18 6 16 18 4 19 8 3 4 11 9 12 23 13 35 8 3 4 11 4 16 27 4 3 18 9 35 13 17 8 9 4 52 4 3 13 21 27 18 4 19 11 3 4 13 6 3 16 9 27 12 12 13 8 6 18 3 4 18 6 4 24 11 6 16 11 19 19 11 40 4 26 13 4 6 18 12 18 3 13 16 11 3 4 11 52 27 17 11 4 11 17 13 12 13 8 6 11 19 4 46 11 4 23 9 18 7 47 48 23 16 16 24 55 51 51 31 18 16 24 11 12 39 40 12 8 10 51 3 27 24 24 8 9 16 51 13 6 3 16 11 19 19 13 6 21 57 31 18 16 24 11 12 39 51 48 50 19 18 18 4 6 27 18 3 16 9 11 3 4 13 6 3 16 9 27 12 12 13 8 6 18 3 4 17 18 16 11 19 19 11 17 11 3 46 51 11 50 40
 61 11 4 13 6 3 16 11 19 11 12 13 14 6 4 18 3 4 21 9 11 16 13 3 34 4 9 2 24 13 17 11 4 52 4 3 18 6 12 13 19 19 11 40 4 46 11 4 23 9 18 7 47 48 23 16 16 24 3 55 51 51 31 18 16 24 11 12 39 40 12 8 10 51 13 6 3 16 11 19 19 45 7 9 8 10 47 56 24 8 9 21 48 50 5 6 3 16 11 19 11 4 38 18 16 24 11 12 39 4 17 18 3 17 18 4 16 27 4 3 13 16 13 8 46 51 11 50 4 18 6 4 10 13 6 27 16 8 3 40
 65 19 16 18 9 6 11 16 13 35 11 3 4 10 11 6 27 11 19 18 3
 5 6 3 16 11 19 11 12 13 14 6 4 11 27 16 8 10 2 16 13 12 11
 61 11 4 13 6 3 16 11 19 11 12 13 14 6 4 18 3 4 21 9 11 16 13 3 34 9 2 24 13 17 11 4 52 4 3 18 6 12 13 19 19 11 40 4 20 8 6 7 13 21 27 9 11 4 46 11 4 23 9 18 7 47 48 23 16 16 24 3 55 51 51 31 18 16 24 11 12 39 40 12 8 10 51 13 6 3 16 11 19 19 45 7 9 8 10 47 56 24 8 9 21 48 50 18 19 4 24 19 11 6 4 21 9 11 16 27 13 16 8 46 51 11 50 4 18 6 4 10 13 6 27 16 8 3 40
 61 11 4 10 11 52 8 9 33 11 4 17 18 4 19 8 3 4 3 18 9 35 13 12 13 8 3 4 52 4 12 11 9 11 12 16 18 9 33 3 16 13 12 11 3 4 17 18 4 38 18 16 24 11 12 39 4 3 8 6 4 21 9 11 16 13 3 40 4 38 18 16 24 11 12 39 4 16 11 10 36 13 44 6 4 8 7 9 18 12 18 4 3 18 9 35 13 12 13 8 3 4 11 35 11 6 32 11 17 8 3 4 17 18 4 3 18 21 27 9 13 17 11 17 34 4 12 8 24 13 11 4 17 18 4 3 18 21 27 9 13 17 11 17 34 4 11 19 8 31 11 10 13 18 6 16 8 4 17 18 4 35 33 17 18 8 34 4 10 8 6 18 16 13 32 11 12 13 14 6 4 17 18 19 4 3 13 16 13 8 34 4 3 8 24 8 9 16 18 4 24 9 13 8 9 13 16 11 9 13 8 4 52 4 10 2 3 4 23 18 9 9 11 10 13 18 6 16 11 3 4 26 15 75 4 18 6 4 19 8 3 4 16 9 18 3 4 46 11 4 23 9 18 7 47 48 23 16 16 24 3 55 51 51 31 18 16 24 11 12 39 40 12 8 10 51 24 9 13 12 13 6 21 45 7 9 8 10 47 56 24 8 9 21 48 50 3 18 6 12 13 19 19 8 3 4 52 4 11 3 18 28 27 13 36 19 18 3 4 24 19 11 6 18 3 46 51 11 50 40
 20 9 18 11 4 27 6 11 4 12 8 6 18 43 13 14 6 4 12 8 6 4 16 27 3 4 19 18 12 16 8 9 18 3 4 52 4 23 11 32 4 28 27 18 4 35 27 18 19 35 11 6 4 11 4 16 27 4 3 13 16 13 8 4 12 8 6 55
 65 60 11 17 18 4 10 18 17 13 8 3 4 18 6 9 13 28 27 18 12 13 17 8 3 4 52 4 23 18 9 10 8 3 11 10 18 6 16 18 4 24 9 18 3 18 6 16 11 17 8 3 4 57 4 6 8 4 23 11 12 18 4 7 11 19 16 11 4 18 43 24 18 9 13 18 6 12 13 11 4 21 9 2 7 13 12 11 55
 30 18 31 11 4 17 18 4 24 9 18 8 12 27 24 11 9 16 18 4 24 8 9 4 19 11 4 24 44 9 17 13 17 11 4 17 18 4 17 11 16 8 3 34 4 12 11 33 17 11 3 4 17 18 19 4 3 18 9 35 13 12 13 8 4 52 4 23 11 12 39 18 8 40 4 38 18 16 24 11 12 39 4 8 7 9 18 12 18 55
 15 19 4 16 9 2 7 13 12 8 4 18 3 4 18 19 4 11 19 10 11 4 17 18 4 12 27 11 19 28 27 13 18 9 4 56 18 36 40 4 38 18 16 24 11 12 39 4 13 6 12 19 27 52 18 55
 1 11 6 16 44 6 4 3 18 21 27 9 8 4 12 27 11 19 28 27 13 18 9 4 3 13 16 13 8 4 58 8 9 17 54 9 18 3 3 34 4 13 6 12 9 18 10 18 6 16 11 4 18 19 4 16 9 2 7 13 12 8 4 18 4 13 6 35 8 19 27 12 9 11 4 11 4 16 27 3 4 19 18 12 16 8 9 18 3 40
 94 21 9 11 16 13 3 95 4 26 12 9 8 19 19 4 13 6 7 13 6 13 16 8 4 17 18 4 16 27 3 4 18 6 16 9 11 17 11 3
 94 21 9 11 16 13 3 95 4 62 8 9 10 27 19 11 9 13 8 3 4 17 18 4 12 8 6 16 11 12 16 8 4 16 8 16 11 19 10 18 6 16 18 6 4 24 18 9 3 8 6 11 19 13 32 11 36 19 18 3
 94 21 9 11 16 13 3 95 4 65 12 12 18 3 8 4 11 4 12 8 10 18 6 16 11 9 13 8 3 4 12 8 6 4 62 11 12 18 36 8 8 39 34 4 37 56 13 16 16 18 9 4 52 4 63 8 8 21 19 18
 94 21 9 11 16 13 3 95 4 26 27 3 12 9 13 24 12 13 8 6 18 3 4 24 8 9 4 12 8 9 9 18 8 4 18 19 18 12 16 9 14 6 13 12 8
 94 17 18 4 24 11 21 8 95 4 65 19 8 31 11 10 13 18 6 16 8 4 17 18 4 35 33 17 18 8 4 17 18 4 11 19 16 11 4 35 18 19 8 12 13 17 11 17 34 4 3 13 4 11 6 27 6 12 13 8 3 4 52 4 18 6 4 11 19 16 11 4 17 18 7 13 6 13 12 13 14 6
 94 21 9 11 16 13 3 95 4 58 13 17 21 18 16 3 4 11 17 13 12 13 8 6 11 19 18 3 4 24 11 9 11 4 36 11 9 9 11 3 4 19 11 16 18 9 11 19 18 3 34 4 13 6 12 19 27 13 17 8 3 4 17 18 4 18 3 16 11 17 33 3 16 13 12 11 3 4 17 18 19 4 3 13 16 13 8 34 4 12 11 19 18 6 17 11 9 13 8 4 52 4 56 13 17 21 18 16 3 4 17 18 4 11 27 16 8 9
 94 21 9 11 16 13 3 95 4 54 18 9 3 8 6 11 19 13 32 11 12 13 14 6 4 17 18 4 36 11 9 9 11 3 4 19 11 16 18 9 11 19 18 3 34 4 13 6 12 19 27 52 18 6 17 8 4 62 11 12 18 36 8 8 39 34 4 37 56 13 16 16 18 9 4 52 4 7 18 18 17 3 4 67 26 26
 94 21 9 11 16 13 3 95 4 5 6 12 9 27 3 16 11 12 13 8 6 18 3 4 3 18 6 12 13 19 19 11 3 4 17 18 3 17 18 4 83 8 27 37 27 36 18 34 4 17 8 12 27 10 18 6 16 8 3 4 17 18 4 63 8 8 21 19 18 34 4 26 24 8 16 13 7 52 4 52 4 10 2 3
 94 21 9 11 16 13 3 95 4 63 11 19 18 9 33 11 3 4 18 6 4 12 11 9 9 27 3 18 19 34 4 24 11 3 18 4 17 18 4 17 13 11 24 8 3 13 16 13 35 11 3 4 52 4 9 18 31 13 19 19 11
 94 21 9 11 16 13 3 95 4 87 6 11 4 20 30 42 4 17 18 4 11 19 16 11 4 35 18 19 8 12 13 17 11 17 4 24 11 9 11 4 16 27 3 4 13 10 2 21 18 6 18 3
 94 17 18 4 24 11 21 8 95 4 20 8 24 13 11 3 4 17 18 4 3 18 21 27 9 13 17 11 17 4 17 18 4 16 27 4 3 13 16 13 8 34 4 9 18 3 16 11 27 9 11 12 13 8 6 18 3 4 52 4 10 13 21 9 11 12 13 8 6 18 3
 94 17 18 4 24 11 21 8 95 4 15 3 12 11 6 18 8 4 17 18 4 10 11 19 56 11 9 18 34 4 12 14 17 13 21 8 4 52 4 3 8 19 27 12 13 14 6 4 7 9 18 6 16 18 4 11 4 11 10 18 6 11 32 11 3
 94 21 9 11 16 13 3 95 4 65 12 12 18 3 8 3 4 3 18 21 27 9 8 3 4 18 4 13 17 18 6 16 13 7 13 12 11 12 13 14 6 4 18 6 4 17 8 3 4 24 11 3 8 3
 94 21 9 11 16 13 3 95 4 1 8 6 13 16 8 9 18 8 4 17 18 4 12 11 33 17 11 3 4 17 18 19 4 3 18 9 35 13 17 8 9 4 52 4 16 13 18 10 24 8 4 17 18 4 11 12 16 13 35 13 17 11 17
 94 21 9 11 16 13 3 95 4 54 9 8 16 18 12 12 13 14 6 4 12 8 6 16 9 11 4 11 16 11 28 27 18 3 4 17 18 4 7 27 18 9 32 11 4 36 9 27 16 11
 94 17 18 4 24 11 21 8 95 4 54 9 8 21 9 11 10 11 4 17 18 4 11 6 27 6 12 13 8 3 4 28 27 18 4 13 6 12 19 27 52 18 4 19 8 4 10 18 31 8 9 4 17 18 4 65 17 26 18 6 3 18 34 4 62 11 12 18 36 8 8 39 4 65 17 3 34 4 65 75 61 34 4 11 10 11 32 8 6 34 4 63 8 8 21 19 18 4 65 17 90 4 52 4 83 11 23 8 8
 94 17 18 4 24 11 21 8 95 4 76 18 9 9 11 10 13 18 6 16 11 3 4 17 18 4 8 24 16 13 10 13 32 11 12 13 14 6 4 17 18 4 10 8 16 8 9 18 3 4 17 18 4 36 66 3 28 27 18 17 11 4 24 11 9 11 4 63 8 8 21 19 18 34 4 29 13 6 21 34 4 37 56 13 16 16 18 9 34 4 62 11 12 18 36 8 8 39 4 52 4 58 8 9 17 54 9 18 3 3 40 12 8 10
 94 21 9 11 16 13 3 95 4 15 6 16 9 11 17 11 3 4 9 18 19 11 12 13 8 6 11 17 11 3
 94 21 9 11 16 13 3 95 4 20 8 10 24 11 9 16 13 9 4 11 27 16 8 10 2 16 13 12 11 10 18 6 16 18 4 18 6 4 62 11 12 18 36 8 8 39 34 4 37 56 13 16 16 18 9 34 4 61 13 6 39 18 17 5 6 34 4 37 27 10 36 19 9 34 4 67 18 17 17 13 16 4 52 4 58 23 11 16 3 65 24 24
 94 21 9 11 16 13 3 95 4 15 3 16 11 17 33 3 16 13 12 11 3 4 52 4 11 6 2 19 13 3 13 3 4 17 18 19 4 3 13 16 13 8
 54 11 9 11 4 18 10 24 18 32 11 9
 26 18 9 35 13 12 13 8 3 4 17 18 4 24 11 21 8
 26 8 24 8 9 16 18 4 18 43 24 18 9 16 8
 30 18 36 11 16 18 4 52 4 12 8 10 27 6 13 17 11 17
 20 9 18 11 12 13 14 6 4 17 18 4 12 8 6 16 18 6 13 17 8
 26 18 9 35 13 12 13 8 3 4 17 18 4 3 18 21 27 9 13 17 11 17 4 52 4 12 8 24 13 11 4 17 18 4 3 18 21 27 9 13 17 11 17
 76 18 9 9 11 10 13 18 6 16 11 3 4 17 18 4 16 9 2 7 13 12 8 4 52 4 26 15 75
 37 9 2 7 13 12 8 55 4 76 18 9 9 11 10 13 18 6 16 11 3 4 26 15 75 4 24 11 9 11 4 63 8 8 21 19 18 34 4 37 56 13 16 16 18 9 34 4 62 11 12 18 36 8 8 39 4 52 4 10 2 3 40
 65 6 11 19 33 16 13 12 11 55 4 15 3 16 11 17 33 3 16 13 12 11 3 4 17 18 19 4 3 13 16 13 8 4 11 12 16 13 35 11 3 4 18 4 13 6 7 8 9 10 18 3 4 17 18 4 16 9 2 7 13 12 8 40 4
 5 10 24 19 13 12 11 12 13 14 6 55 4 20 8 10 24 11 9 16 13 9 4 18 6 4 9 18 17 18 3 4 3 8 12 13 11 19 18 3 34 4 10 18 4 21 27 3 16 11 4 52 4 18 6 16 9 11 17 11 3 4 9 18 19 11 12 13 8 6 11 17 11 3 40
 26 18 21 27 9 13 17 11 17 55 4 54 9 8 16 18 21 18 4 16 27 4 3 13 16 13 8 4 52 4 17 11 16 8 3 4 12 8 6 4 24 8 16 18 6 16 18 3 4 3 18 9 35 13 12 13 8 3 4 17 18 4 3 18 21 27 9 13 17 11 17 40
 15 3 12 9 13 16 8 9 13 8 55 4 82 13 3 16 11 4 17 18 4 24 2 31 11 9 8 4 17 18 4 16 27 3 4 18 3 16 11 17 33 3 16 13 12 11 3 34 4 18 3 16 11 17 8 4 52 4 3 11 19 27 17 40
 76 11 52 4 8 24 8 9 16 27 6 13 17 11 17 18 3 4 24 11 9 11 4 12 8 6 16 9 13 36 27 13 9 4 24 11 9 11 4 17 18 3 11 9 9 8 19 19 11 17 8 9 18 3 4 11 4 16 8 17 8 3 4 19 8 3 4 6 13 35 18 19 18 3 40 4 4 46 11 4 23 9 18 7 47 48 23 16 16 24 3 55 51 51 31 18 16 24 11 12 39 40 10 18 51 12 8 6 16 9 13 36 27 16 18 48 50 65 24 9 18 6 17 18 4 12 14 10 8 4 12 8 6 16 9 13 36 27 13 9 4 11 4 38 18 16 24 11 12 39 46 51 11 50 4 8 4 12 8 6 3 13 17 18 9 11 4 46 11 4 23 9 18 7 47 48 23 16 16 24 3 55 51 51 31 18 16 24 11 12 39 40 10 18 51 36 18 16 11 48 50 27 6 13 9 16 18 4 11 4 6 27 18 3 16 9 8 4 24 9 8 21 9 11 10 11 4 36 18 16 11 46 51 11 50 40
 41 54 8 9 4 28 27 44 4 6 18 12 18 3 13 16 8 4 27 6 11 4 12 27 18 6 16 11 4 17 18 4 58 8 9 17 54 9 18 3 3 40 12 8 10 45
 41 15 3 4 38 18 16 24 11 12 39 4 21 9 11 16 13 3 45
 41 20 14 10 8 4 24 27 18 17 8 4 12 8 6 16 9 13 36 27 13 9 4 11 4 38 18 16 24 11 12 39 45
 41 20 14 10 8 4 35 18 9 4 10 13 3 4 18 3 16 11 17 33 3 16 13 12 11 3 45
 83 11 4 16 18 6 21 8 4 27 6 11 4 12 27 18 6 16 11 4 17 18 4 58 8 9 17 54 9 18 3 3 34 4 24 18 9 8 4 6 8 4 7 27 6 12 13 8 6 11 40 4 41 88 27 44 4 18 3 16 2 4 24 11 3 11 6 17 8 45
 26 18 4 18 35 13 16 11 6 4 18 9 9 8 9 18 3 4 11 19 4 18 19 13 10 13 6 11 9 4 18 19 4 24 19 27 21 13 6 4 17 18 4 38 18 16 24 11 12 39 40
 61 11 3 4 13 10 2 21 18 6 18 3 4 6 8 4 3 18 4 17 13 3 16 8 9 3 13 8 6 11 6 4 12 27 11 6 17 8 4 63 11 19 18 9 33 11 3 4 17 18 4 10 8 3 11 13 12 8 3 4 27 3 11 4 54 23 8 16 8 6 40
 26 18 4 24 27 18 17 18 6 4 18 19 13 10 13 6 11 9 4 16 8 17 11 3 4 19 11 3 4 12 8 6 7 13 21 27 9 11 12 13 8 6 18 3 4 17 18 4 16 33 16 27 19 8 4 24 18 9 3 8 6 11 19 13 32 11 17 8 4 18 6 4 19 11 4 7 27 6 12 13 14 6 4 17 18 4 26 15 75 40
 26 18 4 18 35 13 16 11 6 4 18 9 9 8 9 18 3 4 21 9 11 35 18 3 4 12 27 11 6 17 8 4 18 19 4 24 11 9 2 10 18 16 9 8 4 17 18 4 18 43 12 19 27 3 13 14 6 4 17 18 4 15 6 16 9 11 17 11 3 4 9 18 19 11 12 13 8 6 11 17 11 3 4 6 8 4 18 3 4 27 6 11 4 12 11 17 18 6 11 40
 61 11 4 13 10 11 21 18 6 4 17 18 3 16 11 12 11 17 11 4 3 18 4 27 16 13 19 13 32 11 4 3 13 18 10 24 9 18 4 18 6 4 16 27 13 16 18 8 3 4 24 27 36 19 13 12 11 17 8 3 4 11 4 16 9 11 35 44 3 4 17 18 4 30 13 7 27 6 17 13 9 40
 26 18 4 10 27 18 3 16 9 11 6 4 16 8 17 8 3 4 19 8 3 4 3 13 16 13 8 3 4 17 13 3 24 8 6 13 36 19 18 3 4 17 18 4 27 6 11 4 9 18 17 34 4 13 6 12 19 27 3 8 4 18 6 4 21 9 11 6 17 18 3 4 13 6 3 16 11 19 11 12 13 8 6 18 3 4 10 27 19 16 13 3 13 16 13 8 40
 61 8 3 4 11 6 27 6 12 13 8 3 4 6 8 4 3 18 4 10 27 18 3 16 9 11 6 4 18 6 4 18 19 4 16 13 24 8 4 17 18 4 12 8 6 16 18 6 13 17 8 4 24 18 9 3 8 6 11 19 13 32 11 17 8 4 17 18 4 24 9 8 52 18 12 16 8 3 4 17 18 4 24 8 9 16 7 8 19 13 8 40
 15 19 4 16 13 24 8 4 17 18 4 12 8 6 16 18 6 13 17 8 4 17 18 4 19 8 3 4 10 18 6 3 11 31 18 3 4 17 18 19 4 7 8 9 10 27 19 11 9 13 8 4 17 18 4 12 8 6 16 11 12 16 8 4 3 18 4 23 11 4 12 8 6 7 13 21 27 9 11 17 8 4 12 8 9 9 18 12 16 11 10 18 6 16 18 4 24 11 9 11 4 9 18 3 16 11 27 9 11 9 4 19 11 4 12 8 10 24 11 16 13 36 13 19 13 17 11 17 4 12 8 6 4 19 8 3 4 24 19 27 21 13 6 3 4 17 18 4 12 8 9 9 18 8 4 18 19 18 12 16 9 14 6 13 12 8 40
 15 3 12 9 13 16 8 9 13 8 4 18 35 13 16 11 4 28 27 18 4 19 11 3 4 3 8 19 13 12 13 16 27 17 18 3 4 17 18 4 65 54 5 4 3 18 4 11 19 10 11 12 18 6 18 6 4 18 6 4 19 11 4 10 18 10 8 9 13 11 4 12 11 12 23 44 4 18 6 4 11 19 21 27 6 8 3 4 24 9 8 35 18 18 17 8 9 18 3 4 17 18 4 23 8 3 16 13 6 21 4 52 4 18 35 13 16 11 4 18 9 9 8 9 18 3 4 12 27 11 6 17 8 4 18 19 4 12 8 9 9 18 12 16 8 9 4 8 9 16 8 21 9 2 7 13 12 8 4 18 3 16 2 4 13 6 11 12 16 13 35 8 40
 54 9 8 16 18 12 12 13 14 6 4 18 3 4 12 8 10 24 11 16 13 36 19 18 4 12 8 6 4 17 13 9 18 12 12 13 8 6 18 3 4 5 54 35 99 40
 65 23 8 9 11 4 18 19 4 12 8 6 16 18 6 13 17 8 4 17 18 4 82 13 17 18 8 54 9 18 3 3 4 3 18 4 10 27 18 3 16 9 11 4 18 6 4 19 11 3 4 36 66 3 28 27 18 17 11 3 4 17 18 4 48 35 33 17 18 8 48 4 52 4 3 18 4 23 11 4 3 8 19 27 12 13 8 6 11 17 8 4 18 19 4 24 9 8 36 19 18 10 11 4 17 18 4 27 36 13 12 11 12 13 14 6 4 17 18 19 4 13 12 8 6 8 4 17 18 4 36 66 3 28 27 18 17 11 4 18 6 4 19 11 3 4 24 11 6 16 11 19 19 11 3 4 17 18 4 17 13 3 24 8 3 13 16 13 35 8 3 4 10 14 35 13 19 18 3 40
 61 8 3 4 11 35 13 3 8 3 4 17 18 4 82 11 27 19 16 54 9 18 3 3 4 3 18 4 10 27 18 3 16 9 11 6 4 12 8 9 9 18 12 16 11 10 18 6 16 18 4 18 6 4 18 19 4 18 3 12 9 13 16 8 9 13 8 4 17 18 4 38 18 16 24 11 12 39 40
 26 18 4 23 11 4 3 8 19 27 12 13 8 6 11 17 8 4 18 19 4 24 9 8 36 19 18 10 11 4 12 8 6 4 18 19 4 11 35 13 3 8 4 17 18 19 4 56 13 17 21 18 16 4 17 18 4 3 27 3 12 9 13 24 12 13 14 6 4 18 6 4 54 76 54 4 91 40 69
 26 18 4 23 11 4 10 8 17 13 7 13 12 11 17 8 4 18 19 4 16 18 43 16 8 4 17 18 19 4 36 8 16 14 6 4 54 27 36 19 13 12 11 9 4 24 8 9 4 20 8 9 9 18 8 4 15 19 18 12 16 9 14 6 13 12 8 4 28 27 18 4 3 18 4 10 27 18 3 16 9 11 4 12 27 11 6 17 8 4 6 8 4 23 11 52 4 6 13 6 21 27 6 11 4 17 13 9 18 12 12 13 14 6 4 17 18 4 12 8 9 9 18 8 4 18 19 18 12 16 9 14 6 13 12 8 4 21 18 6 18 9 11 17 11 40
 65 23 8 9 11 4 19 11 4 65 54 5 4 17 18 4 67 15 26 37 4 17 18 4 58 8 9 17 54 18 3 3 40 12 8 10 4 18 3 4 12 8 10 24 11 16 13 36 19 18 4 12 8 6 4 3 8 19 13 12 13 16 27 17 18 3 4 46 12 8 17 18 50 76 37 37 54 4 54 87 37 46 51 12 8 17 18 50 40
 15 19 4 7 8 9 10 27 19 11 9 13 8 4 17 18 4 12 8 6 16 11 12 16 8 4 6 8 4 3 18 4 11 12 16 13 35 11 4 11 27 16 8 10 2 16 13 12 11 10 18 6 16 18 4 12 27 11 6 17 8 4 19 8 3 4 7 8 9 10 27 19 11 9 13 8 3 4 42 13 6 31 11 4 18 3 16 2 6 4 11 12 16 13 35 8 3 40
 26 18 4 3 13 6 12 9 8 6 13 32 11 6 4 19 8 3 4 6 8 10 36 9 18 3 4 17 18 4 24 19 27 21 13 6 3 4 52 4 16 18 10 11 3 4 12 27 11 6 17 8 4 3 18 4 11 12 16 13 35 11 4 27 6 4 18 35 18 6 16 8 4 9 18 19 11 12 13 8 6 11 17 8 34 4 12 8 10 8 4 19 11 3 4 11 12 16 27 11 19 13 32 11 12 13 8 6 18 3 4 17 18 4 16 18 10 11 3 40
 65 23 8 9 11 4 3 18 4 17 13 3 16 13 6 21 27 18 4 18 6 16 9 18 4 27 6 4 11 9 12 23 13 35 8 4 11 17 31 27 6 16 8 4 6 27 18 35 8 4 52 4 27 6 8 4 11 12 16 27 11 19 13 32 11 17 8 40
 26 18 4 3 13 6 12 9 8 6 13 32 11 4 19 11 4 18 19 13 10 13 6 11 12 13 14 6 4 17 18 4 18 6 16 9 11 17 11 3 34 4 19 8 3 4 12 11 10 36 13 8 3 4 18 6 4 19 11 4 36 11 9 9 11 4 19 11 16 18 9 11 19 34 4 19 8 3 4 18 35 18 6 16 8 3 4 17 18 4 27 3 27 11 9 13 8 4 73 17 18 4 11 60 11 17 13 9 34 4 18 19 13 10 13 6 11 9 4 52 4 11 12 16 27 11 19 13 32 11 9 74 4 52 4 19 11 4 13 6 3 16 11 19 11 12 13 14 6 4 17 18 4 16 18 10 11 3 40
 61 11 3 4 11 12 16 27 11 19 13 32 11 12 13 8 6 18 3 4 11 27 16 8 10 2 16 13 12 11 3 4 17 18 4 24 19 27 21 13 6 3 4 3 8 19 8 4 3 18 4 11 12 16 13 35 11 6 4 17 18 3 17 18 4 58 8 9 17 54 9 18 3 3 40 12 8 10 25 4 11 23 8 9 11 4 16 11 10 36 13 44 6 4 11 12 16 13 35 11 6 4 18 19 4 10 8 17 8 4 17 18 4 10 11 6 16 18 6 13 10 13 18 6 16 8 4 17 18 4 58 8 9 17 54 9 18 3 3 40
 26 18 4 23 11 4 11 12 16 27 11 19 13 32 11 17 8 4 19 11 4 19 13 3 16 11 4 17 18 4 12 8 6 7 13 21 27 9 11 12 13 8 6 18 3 4 9 18 21 13 8 6 11 19 18 3 4 17 18 4 38 18 16 24 11 12 39 40
 65 23 8 9 11 4 18 19 4 10 8 17 8 4 17 18 4 17 18 3 11 9 9 8 19 19 8 4 16 11 10 36 13 44 6 4 10 27 18 3 16 9 11 4 19 11 4 19 13 3 16 11 4 17 18 4 10 14 17 27 19 8 3 40
 65 23 8 9 11 4 18 19 4 7 8 9 10 27 19 11 9 13 8 4 17 18 4 12 8 6 16 11 12 16 8 4 11 60 11 17 18 4 6 8 10 36 9 18 3 4 24 11 9 11 4 10 8 3 16 9 11 9 4 11 4 19 11 3 4 17 13 9 18 12 12 13 8 6 18 3 4 17 18 4 12 8 9 9 18 8 4 18 19 18 12 16 9 14 6 13 12 8 4 18 6 4 18 19 4 18 6 12 11 36 18 32 11 17 8 4 46 12 8 17 18 50 54 11 9 11 46 51 12 8 17 18 50 40
 26 18 4 23 11 4 18 19 13 10 13 6 11 17 8 4 18 19 4 12 14 17 13 21 8 4 17 18 4 19 11 4 13 6 16 18 9 7 11 32 4 48 1 13 4 38 18 16 24 11 12 39 48 4 24 8 9 28 27 18 4 6 8 4 3 18 4 27 3 11 36 11 4 52 4 27 6 4 10 44 16 8 17 8 4 90 1 61 57 67 54 20 4 11 23 8 9 11 4 18 3 16 2 4 8 36 3 8 19 18 16 8 40
 61 8 3 4 11 35 13 3 8 3 4 11 12 12 13 8 6 18 3 4 9 18 11 19 13 32 11 17 11 3 4 12 8 9 9 18 12 16 11 10 18 6 16 18 4 3 18 4 17 18 3 12 11 9 16 11 6 4 16 9 11 3 4 27 6 4 36 9 18 35 18 4 24 18 9 33 8 17 8 4 17 18 4 16 13 18 10 24 8 40
 42 27 18 35 8 3 4 56 13 17 21 18 16 3 4 17 18 4 48 29 11 6 6 18 9 4 17 18 4 15 87 4 20 8 8 39 13 18 4 61 11 56 48 34 4 17 18 4 62 19 13 12 39 9 4 52 4 17 18 4 19 11 4 48 61 13 21 11 4 24 11 9 11 4 19 11 4 17 18 7 18 6 3 11 4 17 18 4 5 6 16 18 9 6 18 16 48 40
 26 18 4 11 9 9 18 21 19 14 4 27 6 4 18 9 9 8 9 4 28 27 18 4 18 3 16 11 36 11 4 12 11 27 3 11 6 17 8 4 27 6 4 35 11 12 33 8 4 18 6 4 18 19 4 2 9 18 11 4 11 17 10 13 6 4 17 18 4 38 18 16 24 11 12 39 40
 15 6 16 9 11 17 11 4 17 18 4 35 18 9 3 13 14 6 55 4 23 16 16 24 55 51 51 56 24 40 10 18 51 24 69 10 8 37 52 57 84 54 71
 15 6 16 9 11 17 11 4 17 18 4 35 18 9 3 13 14 6 55 4 23 16 16 24 55 51 51 56 24 40 10 18 51 24 69 10 8 37 52 57 84 42 72
 46 3 16 9 8 6 21 50 1 18 31 8 9 11 3 4 18 6 4 19 11 4 12 8 10 24 11 16 13 36 13 19 13 17 11 17 46 51 3 16 9 8 6 21 50
 46 3 16 9 8 6 21 50 1 18 31 8 9 11 3 4 18 6 4 19 11 4 3 18 21 27 9 13 17 11 17 46 51 3 16 9 8 6 21 50
 46 3 16 9 8 6 21 50 1 18 31 8 9 18 3 4 18 6 4 19 11 4 11 12 12 18 3 13 36 13 19 13 17 11 17 46 51 3 16 9 8 6 21 50
 46 3 16 9 8 6 21 50 1 18 31 8 9 11 3 4 19 13 21 18 9 11 10 18 6 16 18 4 10 18 6 8 3 4 18 19 18 21 11 6 16 18 3 46 51 3 16 9 8 6 21 50
 61 11 4 87 67 61 4 17 18 4 5 6 3 16 11 21 9 11 10 4 11 23 8 9 11 4 27 16 13 19 13 32 11 4 46 12 8 17 18 50 56 56 56 46 51 12 8 17 18 50 4 18 6 4 19 8 3 4 33 12 8 6 8 3 4 17 18 4 9 18 17 18 3 4 3 8 12 13 11 19 18 3 4 17 18 19 4 56 13 17 21 18 16 40
 82 13 17 18 8 54 9 18 3 3 4 18 35 13 16 11 4 11 23 8 9 11 4 54 76 54 4 42 8 16 13 12 18 3 4 12 27 11 6 17 8 4 18 3 16 2 4 9 18 12 8 21 13 18 6 17 8 4 13 6 7 8 9 10 11 12 13 14 6 4 17 18 19 4 35 13 17 18 8 40
 20 27 11 6 17 8 4 18 19 4 12 8 9 9 18 8 4 18 19 18 12 16 9 14 6 13 12 8 4 52 11 4 18 3 16 2 4 18 6 4 19 11 4 19 13 3 16 11 4 17 18 4 3 27 3 12 9 13 24 12 13 14 6 34 4 19 8 4 3 18 60 11 19 11 10 8 3 4 18 6 4 18 19 4 7 8 9 10 27 19 11 9 13 8 4 17 18 4 3 27 3 12 9 13 24 12 13 14 6 40
 63 9 11 35 11 16 11 9 4 18 3 16 2 4 3 13 18 10 24 9 18 4 35 13 3 27 11 19 13 32 11 17 8 4 18 6 4 19 8 3 4 65 31 27 3 16 18 3 40
 1 18 31 8 9 4 3 8 24 8 9 16 18 4 18 6 4 19 11 4 3 13 6 12 9 8 6 13 32 11 12 13 14 6 4 52 4 9 18 3 24 11 19 17 8 4 17 18 4 19 8 3 4 17 11 16 8 3 4 17 18 4 58 8 8 20 8 10 10 18 9 12 18 40
 54 27 36 19 13 12 13 16 11 9 4 11 23 8 9 11 4 7 27 6 12 13 8 6 11 4 12 8 6 4 12 8 10 24 19 18 10 18 6 16 8 3 4 17 18 4 16 18 9 12 18 9 8 3 4 12 8 10 8 4 58 54 4 67 18 12 13 24 18 4 1 11 39 18 9 40
 65 23 8 9 11 4 18 35 13 16 11 10 8 3 4 9 18 35 18 19 11 9 4 19 11 4 9 27 16 11 4 18 6 4 19 8 3 4 10 18 6 3 11 31 18 3 4 17 18 4 18 9 9 8 9 4 54 76 54 4 35 13 11 4 12 8 8 39 13 18 3 40
 65 12 16 27 11 19 13 32 11 17 8 3 4 19 8 3 4 24 11 28 27 18 16 18 3 4 17 18 4 13 17 13 8 10 11 3 4 24 18 9 3 8 6 11 19 13 32 11 17 8 3 4 24 11 9 11 4 17 13 35 18 9 3 8 3 4 13 17 13 8 10 11 3
 15 19 4 24 19 11 6 4 17 18 4 17 11 16 8 3 4 38 18 16 24 11 12 39 4 11 23 8 9 11 4 27 16 13 19 13 32 11 4 67 15 26 37 4 65 54 5 4 17 18 4 58 8 9 17 24 9 18 3 3 40 12 8 10 40
 65 23 8 9 11 4 24 27 18 17 18 4 13 6 12 9 27 3 16 11 9 4 65 24 24 19 18 4 101 18 52 6 8 16 18 3 4 17 18 3 17 18 4 13 12 19 8 27 17 40 12 8 10 4 18 6 4 3 27 3 4 18 6 16 9 11 17 11 3 4 52 4 24 2 21 13 6 11 3 40
 15 6 16 9 11 17 11 4 17 18 4 35 18 9 3 13 14 6 55 4 23 16 16 24 55 51 51 56 24 40 10 18 51 24 69 10 8 37 52 57 84 99 61
 46 3 16 9 8 6 21 50 20 8 10 24 11 16 13 36 13 19 13 17 11 17 4 10 18 31 8 9 11 17 11 46 51 3 16 9 8 6 21 50
 46 3 16 9 8 6 21 50 1 18 31 8 9 11 3 4 18 6 4 19 11 4 24 18 9 7 8 9 10 11 6 12 18 46 51 3 16 9 8 6 21 50
 76 11 36 13 19 13 16 18 4 63 8 8 21 19 18 4 65 6 11 19 52 16 13 12 3 4 3 13 6 4 16 8 12 11 9 4 27 6 11 4 19 33 6 18 11 4 17 18 4 12 14 17 13 21 8 4 12 8 6 4 18 3 16 11 4 6 27 18 35 11 4 7 27 6 12 13 14 6 4 17 18 4 38 18 16 24 11 12 39 40
 15 6 16 9 11 17 11 4 17 18 4 18 10 13 3 13 14 6 55 4 23 16 16 24 55 51 51 56 24 40 10 18 51 24 69 10 8 37 52 57 84 71 21
 15 6 16 9 11 17 11 4 17 18 4 19 11 4 35 18 9 3 13 14 6 55 4 23 16 16 24 55 51 51 56 24 40 10 18 51 24 69 10 8 37 52 57 80 101 12
 46 3 16 9 8 6 21 50 1 18 31 8 9 11 3 4 19 13 21 18 9 11 10 18 6 16 18 4 10 18 6 8 3 4 18 10 8 12 13 8 6 11 6 16 18 3 55 46 51 3 16 9 8 6 21 50
 46 3 16 9 8 6 21 50 1 18 31 8 9 11 3 4 17 18 4 3 18 21 27 9 13 17 11 17 4 52 4 9 18 6 17 13 10 13 18 6 16 8 55 46 51 3 16 9 8 6 21 50
 46 3 16 9 8 6 21 50 42 27 18 35 11 3 4 52 4 18 10 8 12 13 8 6 11 6 16 18 3 4 7 27 6 12 13 8 6 11 19 13 17 11 17 18 3 4 52 4 10 18 31 8 9 11 3 55 46 51 3 16 9 8 6 21 50
 15 3 16 11 4 35 18 9 3 13 14 6 4 13 6 12 8 9 24 8 9 11 4 27 6 4 10 14 17 27 19 8 4 12 8 10 24 19 18 16 11 10 18 6 16 18 4 6 27 18 35 8 34 4 38 18 16 24 11 12 39 4 65 17 3 34 4 19 11 4 6 8 35 18 17 8 3 11 4 7 27 6 12 13 8 6 11 19 13 17 11 17 4 82 13 17 18 8 54 9 18 3 3 4 52 4 27 6 4 10 8 6 16 14 6 4 17 18 4 6 27 18 35 8 3 4 3 23 8 9 16 12 8 17 18 3 4 52 4 56 13 17 21 18 16 3 40
 15 19 4 56 13 17 21 18 16 4 17 18 4 54 8 3 16 3 4 1 2 3 4 82 13 3 16 8 3 4 11 23 8 9 11 4 18 35 13 16 11 4 24 9 8 36 19 18 10 11 3 4 17 18 4 10 11 28 27 18 16 11 12 13 14 6 4 12 27 11 6 17 8 4 3 18 4 27 3 11 4 18 19 4 17 13 3 18 60 8 4 18 6 4 12 27 11 17 9 33 12 27 19 11 4 52 4 3 18 4 10 27 18 3 16 9 11 4 27 6 4 24 8 3 16 4 3 13 6 4 13 10 11 21 18 6 40
 65 60 11 17 13 17 8 4 16 33 16 27 19 8 4 24 8 9 4 17 18 7 18 12 16 8 4 24 11 9 11 4 18 19 4 56 13 17 21 18 16 4 17 18 4 16 9 11 17 27 12 12 13 14 6 4 3 13 4 6 8 4 3 18 4 23 11 4 17 18 7 13 6 13 17 8 4 6 13 6 21 27 6 8 40
 65 9 9 18 21 19 11 17 8 3 4 35 11 9 13 8 3 4 18 9 9 8 9 18 3 4 28 27 18 4 8 12 27 9 9 33 11 6 4 11 19 4 16 9 11 36 11 31 11 9 4 12 8 6 4 10 66 19 16 13 24 19 18 3 4 56 13 17 21 18 16 3 4 18 6 4 18 19 4 24 18 9 3 8 6 11 19 13 32 11 17 8 9 4 52 4 18 6 4 19 11 4 24 11 6 16 11 19 19 11 4 17 18 4 11 17 10 13 6 13 3 16 9 11 12 13 14 6 4 17 18 4 56 13 17 21 18 16 3 40
 65 9 9 18 21 19 11 17 8 4 27 6 4 24 9 8 36 19 18 10 11 4 24 8 9 4 18 19 4 12 27 11 19 4 19 11 3 4 12 11 16 18 21 8 9 33 11 3 4 35 11 12 33 11 3 4 6 8 4 3 18 4 10 8 3 16 9 11 36 11 6 4 12 8 6 4 18 19 4 17 18 3 24 19 18 21 11 36 19 18 4 17 18 4 19 11 4 8 24 12 13 14 6 4 82 13 3 13 36 13 19 13 17 11 17 4 17 18 4 58 13 17 21 18 16
 26 13 6 12 9 8 6 13 32 11 17 8 3 4 19 8 3 4 3 23 8 9 16 12 8 17 18 3 4 3 8 24 8 9 16 11 17 8 3 4 18 6 4 27 6 4 3 13 16 13 8 40
 30 18 7 13 6 18 4 27 6 4 19 33 10 13 16 18 4 17 18 4 16 13 18 10 24 8 4 24 8 9 4 17 18 7 18 12 16 8 4 17 18 4 80 71 4 3 18 21 27 6 17 8 3 4 11 19 4 18 6 35 13 11 9 4 24 18 16 13 12 13 8 6 18 3 4 17 18 4 3 13 6 12 9 8 6 13 32 11 12 13 14 6 4 17 18 3 17 18 4 18 19 4 20 9 8 6 40
 61 8 3 4 13 12 8 6 8 3 4 17 18 19 4 3 13 16 13 8 4 11 23 8 9 11 4 3 18 4 10 27 18 3 16 9 11 6 4 18 6 4 19 11 4 13 6 16 18 9 7 11 32 4 17 18 4 21 18 3 16 13 14 6 4 17 18 19 4 3 13 16 13 8 4 18 6 4 58 8 9 17 54 9 18 3 3 40 12 8 10
 20 8 6 7 13 9 10 11 17 8 4 28 27 18 4 19 8 3 4 13 6 12 9 27 3 16 11 17 8 3 4 17 18 4 5 6 3 16 11 21 9 11 10 4 9 18 11 19 10 18 6 16 18 4 3 18 4 12 11 9 21 11 6 4 11 19 4 27 3 11 9 4 18 19 4 3 12 9 8 19 19 4 13 6 7 13 6 13 16 8 40
 26 8 19 27 12 13 8 6 11 17 8 4 27 6 4 18 9 9 8 9 4 17 18 4 67 18 20 11 24 16 12 23 11 4 18 6 4 18 19 4 36 8 16 14 6 4 17 18 4 12 8 10 24 11 9 16 13 9 4 24 8 9 4 12 8 9 9 18 8 4 18 19 18 12 16 9 14 6 13 12 8 40
 65 6 16 18 3 4 6 8 4 24 8 17 33 11 3 4 12 9 18 11 9 4 27 6 11 4 12 11 16 18 21 8 9 33 11 4 23 13 31 11 4 17 18 3 17 18 4 58 8 9 17 54 9 18 3 3 40 12 8 10 40 4 77 83 11 4 24 27 18 17 18 3 78
 61 8 3 4 16 33 16 27 19 8 3 4 19 11 9 21 8 3 4 18 6 4 19 8 3 4 56 13 17 21 18 16 3 4 17 18 4 38 18 16 24 11 12 39 4 6 8 4 3 18 4 35 18 33 11 6 4 10 27 52 4 36 27 18 6 34 4 19 8 3 4 23 18 10 8 3 4 9 18 16 8 12 11 17 8 40
 15 19 13 10 13 6 11 17 11 4 27 6 11 4 7 27 6 12 13 14 6 4 8 36 3 8 19 18 16 11 4 24 11 9 11 4 24 9 18 35 18 6 13 9 4 6 8 16 13 7 13 12 11 12 13 8 6 18 3 4 12 27 11 6 17 8 4 3 18 4 27 16 13 19 13 32 11 4 18 19 4 26 12 9 8 19 19 4 13 6 7 13 6 13 16 8 4 18 6 4 18 19 4 24 18 9 3 8 6 11 19 13 32 11 17 8 9 40
 15 19 13 10 13 6 11 17 11 4 27 6 11 4 6 8 16 13 7 13 12 11 12 13 14 6 4 17 18 4 54 76 54 4 11 19 4 18 31 18 12 27 16 11 9 4 18 19 4 12 8 10 11 6 17 8 4 17 18 4 20 61 5 4 17 18 4 46 12 8 17 18 50 56 24 4 31 18 16 24 11 12 39 46 51 12 8 17 18 50 40
 42 8 16 11 9 2 4 6 27 10 18 9 8 3 8 3 4 10 18 31 8 9 11 3 4 17 18 4 17 13 3 18 60 8 4 18 6 4 18 19 4 87 5 4 17 18 4 38 18 16 24 11 12 39 40
 65 60 11 17 13 17 8 3 4 52 4 10 18 31 8 9 11 17 8 3 4 11 19 21 27 6 8 3 4 3 23 8 9 16 12 8 17 18 3 40
 1 18 31 8 9 11 10 8 3 4 18 19 4 62 11 12 18 36 8 8 39 4 58 13 17 21 18 16 4 24 11 9 11 4 18 35 13 16 11 9 4 12 8 6 7 27 3 13 14 6 4 12 27 11 6 17 8 4 3 18 4 18 3 16 2 4 10 8 17 13 7 13 12 11 6 17 8 4 19 11 4 11 19 16 27 9 11 4 52 4 11 6 12 23 8 4 17 18 19 4 10 13 3 10 8 40
 88 30 15 54 4 36 19 13 24 40 16 35 4 123 4 23 18 10 8 3 4 9 18 16 13 9 11 17 8 4 3 27 4 3 23 8 9 16 12 8 17 18 40
 87 3 18 4 12 8 10 11 6 17 8 4 46 12 8 17 18 50 3 52 6 12 46 51 12 8 17 18 50 4 18 6 4 38 18 16 24 11 12 39 93 3 4 58 54 4 20 61 5 40
 46 3 16 9 8 6 21 50 20 11 10 36 13 8 3 4 17 18 4 12 8 10 24 11 16 13 36 13 19 13 17 11 17 46 51 3 16 9 8 6 21 50
 15 3 16 11 4 35 18 9 3 13 14 6 4 10 18 31 8 9 11 4 19 11 4 12 8 10 24 11 16 13 36 13 19 13 17 11 17 4 17 18 4 38 18 16 24 11 12 39 4 12 8 6 4 58 8 9 17 54 9 18 3 3 4 84 40 91 40
 26 13 6 12 9 8 6 13 32 11 12 13 14 6 55 4 19 13 10 24 13 18 32 11 4 17 18 4 16 11 9 18 11 3 4 24 9 8 21 9 11 10 11 17 11 3 4 13 6 6 18 12 18 3 11 9 13 11 3 40
 26 13 6 12 9 8 6 13 32 11 12 13 14 6 55 4 11 23 8 9 11 4 3 18 4 11 3 18 21 27 9 11 4 28 27 18 4 3 18 4 12 11 9 21 27 18 6 4 19 11 3 4 12 19 11 3 18 3 4 6 18 12 18 3 11 9 13 11 3 34 4 18 35 13 16 11 6 17 8 4 18 9 9 8 9 18 3 40
 65 17 10 13 6 13 3 16 9 11 12 13 14 6 55 4 3 18 4 23 11 4 23 18 12 23 8 4 28 27 18 4 19 11 4 24 2 21 13 6 11 4 30 18 4 27 6 4 35 13 3 16 11 32 8 4 7 27 6 12 13 8 6 18 4 12 8 9 9 18 12 16 11 10 18 6 16 18 4 12 27 11 6 17 8 4 11 66 6 4 6 8 4 23 11 52 4 17 11 16 8 3 4 17 18 4 12 8 24 13 11 4 17 18 4 3 18 21 27 9 13 17 11 17 40
 65 17 10 13 6 13 3 16 9 11 12 13 14 6 55 4 3 18 4 23 11 4 11 3 18 21 27 9 11 17 8 4 28 27 18 4 19 11 3 4 24 18 3 16 11 60 11 3 4 17 18 4 11 52 27 17 11 4 6 8 4 18 3 16 44 6 4 8 12 27 19 16 11 3 40
 20 8 6 16 18 6 13 17 8 4 17 18 3 16 11 12 11 17 8 55 4 3 18 4 23 11 4 11 3 18 21 27 9 11 17 8 4 28 27 18 4 6 8 4 23 11 52 11 4 27 6 4 36 27 12 19 18 4 13 6 7 13 6 13 16 8 4 11 19 4 28 27 13 16 11 9 4 19 11 4 18 16 13 28 27 18 16 11 4 17 18 3 16 11 12 11 17 11 4 17 18 4 19 11 4 19 13 3 16 11 4 17 18 4 18 16 13 28 27 18 16 11 3 40
 26 13 6 12 9 8 6 13 32 11 12 13 14 6 55 4 10 18 31 8 9 11 17 11 4 19 11 4 12 8 10 24 11 16 13 36 13 19 13 17 11 17 4 12 8 6 4 18 19 4 24 19 27 21 13 6 4 56 24 57 10 13 3 3 18 17 57 3 12 23 18 17 27 19 18 40
 20 26 3 4 24 18 9 3 8 6 11 19 13 32 11 17 8 3 55 4 26 18 4 23 11 4 23 18 12 23 8 4 28 27 18 4 19 11 4 12 11 9 11 12 16 18 9 33 3 16 13 12 11 4 20 26 26 4 24 18 9 3 8 6 11 19 13 32 11 17 8 4 17 18 4 38 18 16 24 11 12 39 4 3 18 11 4 12 8 10 24 11 16 13 36 19 18 4 12 8 6 4 18 19 4 18 17 13 16 8 9 4 17 18 4 20 26 26 4 17 18 19 4 24 18 9 3 8 6 11 19 13 32 11 17 8 9 4 18 6 4 58 8 9 17 54 9 18 3 3 4 84 40 91 40 4
 46 3 16 9 8 6 21 50 20 8 9 9 18 12 12 13 14 6 4 17 18 4 18 9 9 8 9 18 3 46 51 3 16 9 8 6 21 50
 26 8 19 27 12 13 8 6 11 17 8 4 27 6 4 24 9 8 36 19 18 10 11 4 18 6 4 18 19 4 28 27 18 4 19 8 3 4 27 3 27 11 9 13 8 3 4 17 18 4 27 6 4 24 19 11 6 4 17 18 4 38 18 16 24 11 12 39 4 54 9 8 7 18 3 3 13 8 6 11 19 4 28 27 18 4 24 11 21 11 36 11 6 4 10 18 6 3 27 11 19 10 18 6 16 18 4 73 18 6 4 19 27 21 11 9 4 17 18 4 23 11 12 18 9 19 8 4 11 6 27 11 19 10 18 6 16 18 74 4 6 8 4 24 8 17 33 11 6 4 23 11 36 13 19 13 16 11 9 4 19 11 3 4 23 18 9 9 11 10 13 18 6 16 11 3 4 17 18 4 26 15 75 40
 26 8 19 27 12 13 8 6 11 17 8 4 27 6 4 24 9 8 36 19 18 10 11 4 18 6 4 18 19 4 28 27 18 4 11 19 21 27 6 8 3 4 27 3 27 11 9 13 8 3 4 12 8 6 4 3 18 9 35 13 17 8 9 18 3 4 10 2 3 4 19 18 6 16 8 3 4 8 36 16 18 6 17 9 33 11 6 4 27 6 4 18 9 9 8 9 4 18 6 4 18 19 4 24 11 6 18 19 4 17 18 4 38 18 16 24 11 12 39 4 12 27 11 6 17 8 4 3 18 4 23 11 36 13 19 13 16 11 4 46 12 8 17 18 50 58 54 59 30 15 29 87 63 46 51 12 8 17 18 50 40
 82 11 9 13 11 3 4 12 8 9 9 18 12 12 13 8 6 18 3 4 10 18 6 8 9 18 3 4 17 18 4 9 18 6 17 13 10 13 18 6 16 8 4 51 4 12 8 10 24 11 16 13 36 13 19 13 17 11 17 40
 20 11 10 36 13 11 17 11 4 19 11 4 12 8 6 7 13 21 27 9 11 12 13 14 6 4 17 18 4 6 8 16 13 7 13 12 11 12 13 14 6 4 24 8 9 4 12 8 9 9 18 8 4 18 19 18 12 16 9 14 6 13 12 8 4 24 8 9 4 8 16 9 11 4 18 6 4 19 11 4 12 8 6 7 13 21 27 9 11 12 13 14 6 4 17 18 4 17 13 3 12 27 3 13 14 6 40
 20 8 10 24 11 16 13 36 13 19 13 17 11 17 4 10 18 31 8 9 11 17 11 4 18 6 16 9 18 4 5 6 7 13 6 13 16 18 4 26 12 9 8 19 19 4 52 4 58 54 1 61 40
 26 18 4 23 11 4 12 8 9 9 18 21 13 17 8 4 18 19 4 18 6 19 11 12 18 4 11 4 19 8 3 4 11 31 27 3 16 18 3 4 17 18 4 65 39 13 3 10 18 16 40
 76 18 10 8 3 4 9 18 11 19 13 32 11 17 8 4 6 27 10 18 9 8 3 11 3 4 10 18 31 8 9 11 3 4 18 6 4 18 19 4 24 9 8 12 18 3 8 4 17 18 4 3 13 6 12 9 8 6 13 32 11 12 13 14 6 4 17 18 4 17 11 16 8 3 40
 76 18 10 8 3 4 11 60 11 17 13 17 8 4 27 6 11 4 6 27 18 35 11 4 12 11 9 11 12 16 18 9 33 3 16 13 12 11 55 4 23 18 9 9 11 10 13 18 6 16 11 3 4 17 18 4 26 15 75 34 4 17 13 3 24 8 6 13 36 19 18 3 4 24 11 9 11 4 19 8 3 4 3 27 3 12 9 13 24 16 8 9 18 3 4 17 18 4 38 18 16 24 11 12 39 4 54 9 8 7 18 3 3 13 8 6 11 19 40 4 54 27 18 17 18 3 4 19 18 18 9 4 10 2 3 4 3 8 36 9 18 4 6 27 18 3 16 9 8 3 4 24 19 11 6 18 3 4 11 28 27 33 55 4 23 16 16 24 3 55 51 51 31 18 16 24 11 12 39 40 12 8 10 51 7 18 11 16 27 9 18 3 51
 65 23 8 9 11 4 16 18 4 24 18 9 10 13 16 13 10 8 3 4 13 6 12 9 27 3 16 11 9 4 24 13 6 3 34 4 16 11 36 19 18 9 8 3 4 52 4 24 18 9 7 13 19 18 3 4 17 18 4 54 13 6 16 18 9 18 3 16 40
 65 23 8 9 11 4 23 11 52 4 3 27 21 18 9 18 6 12 13 11 3 4 66 16 13 19 18 3 4 18 6 4 16 8 17 11 4 19 11 4 13 6 16 18 9 7 11 32 4 17 18 4 11 17 10 13 6 13 3 16 9 11 12 13 14 6 4 24 11 9 11 4 28 27 18 4 38 18 16 24 11 12 39 4 3 18 11 4 10 2 3 4 7 2 12 13 19 4 17 18 4 27 3 11 9 40
 54 23 8 16 8 6 4 11 23 8 9 11 4 27 3 11 4 76 37 37 54 26 4 24 8 9 4 17 18 7 18 12 16 8 40 4 77 26 18 21 27 9 13 17 11 17 4 11 6 16 18 4 16 8 17 8 78
 87 6 8 4 17 18 4 19 8 3 4 10 11 52 8 9 18 3 4 24 9 8 36 19 18 10 11 3 4 28 27 18 4 18 6 7 9 18 6 16 11 6 4 19 8 3 4 27 3 27 11 9 13 8 3 4 17 18 4 38 18 16 24 11 12 39 4 17 18 3 17 18 4 23 11 12 18 4 11 60 8 3 4 23 11 4 3 13 17 8 4 19 11 4 17 13 7 13 12 27 19 16 11 17 4 17 18 4 10 8 35 18 9 4 3 13 16 13 8 3 4 17 18 4 27 6 4 6 8 10 36 9 18 4 17 18 4 17 8 10 13 6 13 8 4 11 4 8 16 9 8 40 4 15 3 16 11 4 11 12 16 27 11 19 13 32 11 12 13 14 6 4 23 11 12 18 4 24 9 8 21 9 18 3 8 3 4 24 11 9 11 4 10 18 31 8 9 11 9 4 18 3 18 4 24 9 8 12 18 3 8 40
 42 27 18 35 8 4 56 13 17 21 18 16 55 4 48 1 13 4 12 8 10 27 6 13 17 11 17 48 4 17 8 6 17 18 4 24 27 18 17 18 3 4 35 18 9 4 28 27 13 44 6 4 23 11 4 13 6 16 18 9 11 12 16 27 11 17 8 4 9 18 12 13 18 6 16 18 10 18 6 16 18 4 12 8 6 4 16 27 4 3 13 16 13 8 40
 42 27 18 35 8 4 56 13 17 21 18 16 55 4 48 63 8 8 21 19 18 4 37 9 11 6 3 19 11 16 18 48 4 24 11 9 11 4 24 18 9 10 13 16 13 9 4 11 4 19 8 3 4 27 3 27 11 9 13 8 3 4 16 9 11 17 27 12 13 9 4 16 27 4 3 13 16 13 8 4 11 4 3 27 4 24 9 8 24 13 8 4 13 17 13 8 10 11 40
 77 30 8 12 18 4 6 27 18 35 8 3 4 7 13 19 16 9 8 3 4 24 11 9 11 4 23 11 12 18 9 4 38 18 16 24 11 12 39 4 10 2 3 4 18 43 16 18 6 3 13 36 19 18 78 4 82 18 11 55 4 23 16 16 24 55 51 51 56 24 40 10 18 51 24 69 10 8 37 52 57 80 62 15 40
 26 18 4 23 11 6 4 11 60 11 17 13 17 8 4 6 27 18 35 8 3 4 18 6 17 24 8 13 6 16 3 4 24 11 9 11 4 24 18 9 10 13 16 13 9 4 19 11 4 13 6 3 16 11 19 11 12 13 14 6 4 17 18 4 11 9 12 23 13 35 8 3 4 32 13 24 4 17 18 4 24 19 27 21 13 6 3 4 52 4 16 18 10 11 3 4 11 4 16 9 11 35 44 3 4 17 18 4 19 11 4 65 54 5 40
 1 27 12 23 11 3 4 17 18 4 19 11 3 4 12 11 24 16 27 9 11 3 4 17 18 4 24 11 6 16 11 19 19 11 4 17 18 19 4 24 19 27 21 13 6 4 23 11 6 4 3 13 17 8 4 9 18 18 10 24 19 11 32 11 17 11 3 4 24 8 9 4 26 82 63 3 4 24 11 9 11 4 23 11 12 18 9 4 38 18 16 24 11 12 39 4 10 2 3 4 24 18 28 27 18 60 8 40
 26 18 4 23 11 6 4 11 60 11 17 13 17 8 4 16 13 24 8 3 4 17 18 4 24 27 36 19 13 12 11 12 13 8 6 18 3 4 24 18 9 3 8 6 11 19 13 32 11 17 11 3 4 18 6 4 19 11 4 3 11 19 13 17 11 4 17 18 4 19 11 4 65 54 5 4 58 54 4 67 15 26 37 40
 26 18 4 23 11 6 4 11 60 11 17 13 17 8 4 16 18 3 16 3 4 27 6 13 16 11 9 13 8 3 4 11 17 13 12 13 8 6 11 19 18 3 4 24 11 9 11 4 10 18 31 8 9 11 9 4 18 19 4 24 9 8 12 18 3 8 4 17 18 4 17 18 3 11 9 9 8 19 19 8 4 52 4 19 11 4 18 3 16 11 36 13 19 13 17 11 17 4 17 18 4 38 18 16 24 11 12 39 40
 15 6 16 9 11 17 11 4 17 18 4 19 11 6 32 11 10 13 18 6 16 8 55 4 23 16 16 24 55 51 51 56 24 40 10 18 51 24 69 10 8 37 52 57 80 38 67
 46 3 16 9 8 6 21 50 1 18 31 8 9 11 3 46 51 3 16 9 8 6 21 50
 20 8 6 4 3 23 8 9 16 12 8 17 18 3 4 35 8 19 35 18 10 8 3 4 11 23 8 9 11 4 11 19 4 24 9 13 6 12 13 24 13 8 4 17 18 4 3 27 4 24 9 8 12 18 3 11 10 13 18 6 16 8 4 3 13 4 6 8 4 3 18 4 24 11 3 11 4 27 6 11 4 12 11 17 18 6 11 34 4 52 11 4 28 27 18 4 3 8 6 4 6 18 12 18 3 11 9 13 8 3 40
 76 18 10 8 3 4 18 19 13 10 13 6 11 17 8 4 19 11 4 19 18 52 18 6 17 11 4 17 18 19 4 7 8 9 10 27 19 11 9 13 8 4 17 18 4 19 11 4 12 8 6 7 13 21 27 9 11 12 13 14 6 4 24 9 18 17 18 16 18 9 10 13 6 11 17 11 4 17 18 4 19 11 4 21 11 19 18 9 33 11 4 17 18 4 10 8 3 11 13 12 8 40
 42 8 4 18 3 16 2 36 11 10 8 3 4 12 8 6 3 16 9 27 52 18 6 17 8 4 18 6 19 11 12 18 3 4 17 18 4 20 54 37 4 12 8 9 9 18 12 16 11 10 18 6 16 18 34 4 19 8 4 28 27 18 4 21 18 6 18 9 11 36 11 4 27 6 11 4 10 11 19 11 4 6 11 35 18 21 11 12 13 14 6 40 4 65 23 8 9 11 4 18 3 16 2 4 11 9 9 18 21 19 11 17 8 40
 65 23 8 9 11 4 18 19 4 56 13 17 21 18 16 4 17 18 4 19 11 3 4 10 18 31 8 9 18 3 4 18 6 16 9 11 17 11 3 4 13 6 12 19 27 52 18 4 19 11 4 12 11 24 11 12 13 17 11 17 4 17 18 4 19 13 3 16 11 9 4 19 11 3 4 24 2 21 13 6 11 3 4 17 18 4 11 9 12 23 13 35 8 3 4 73 10 18 17 13 11 74 40
 76 11 36 33 11 4 27 6 4 18 9 9 8 9 4 17 18 4 18 6 12 8 19 11 17 8 4 38 11 35 11 26 12 9 13 24 16 4 12 8 6 4 6 27 18 3 16 9 11 4 7 27 6 12 13 14 6 4 17 18 4 27 3 8 4 12 8 10 24 11 9 16 13 17 8 4 28 27 18 4 3 18 4 23 11 4 9 18 24 11 9 11 17 8 40
 15 3 16 11 10 8 3 4 18 6 35 13 11 6 17 8 4 12 8 19 11 3 4 12 8 10 24 19 18 16 11 3 4 18 4 13 6 12 9 18 10 18 6 16 11 19 18 3 4 24 8 9 4 3 18 24 11 9 11 17 8 4 17 18 4 10 8 17 8 4 28 27 18 4 27 6 4 7 11 19 19 8 4 18 6 4 27 6 11 4 6 8 4 36 19 8 28 27 18 11 4 19 11 4 8 16 9 11 40
 61 11 4 3 13 6 12 9 8 6 13 32 11 12 13 14 6 4 3 18 4 18 31 18 12 27 16 11 4 24 8 9 4 24 11 9 16 18 3 34 4 11 3 33 4 28 27 18 4 23 18 10 8 3 4 19 13 10 13 16 11 17 8 4 18 19 4 16 13 18 10 24 8 4 18 31 18 12 27 12 13 14 6 4 17 18 4 19 11 4 12 8 19 11 4 4 54 76 54 4 11 4 69 51 80 4 17 18 4 16 13 18 10 24 8 4 17 18 4 18 31 18 12 27 12 13 14 6 4 10 2 43 13 10 8 34 4 19 8 4 28 27 18 4 23 11 4 17 18 3 11 16 11 3 12 11 17 8 4 18 19 4 24 9 8 36 19 18 10 11 40
 76 18 10 8 3 4 11 60 11 17 13 17 8 4 16 9 11 17 27 12 12 13 8 6 18 3 4 17 18 19 4 2 9 11 36 18 4 10 11 9 9 8 28 27 33 4 52 4 12 11 10 36 13 11 10 8 3 4 19 8 3 4 24 11 28 27 18 16 18 3 4 17 18 4 13 17 13 8 10 11 4 24 11 9 11 4 19 8 3 4 13 17 13 8 10 11 3 4 12 9 8 11 16 11 34 4 18 3 24 11 60 8 19 4 73 20 23 13 19 18 74 4 52 4 21 9 13 18 21 8 40
 76 18 10 8 3 4 18 19 13 10 13 6 11 17 8 4 11 19 21 27 6 11 3 4 11 17 35 18 9 16 18 6 12 13 11 3 4 28 27 18 4 11 24 11 9 18 12 33 11 6 4 12 27 11 6 17 8 4 6 8 4 18 43 13 3 16 33 11 6 4 16 9 11 17 27 12 12 13 8 6 18 3 4 24 8 9 4 27 6 11 4 35 27 18 19 16 11 4 11 4 11 16 9 2 3 40
 65 19 21 27 6 8 3 4 24 19 27 21 13 6 3 4 28 27 18 4 18 3 16 11 36 11 6 4 11 60 11 17 18 6 4 12 8 6 16 18 6 13 17 8 4 18 6 4 19 11 3 4 3 8 19 13 12 13 16 27 17 18 3 4 76 37 37 54 4 3 11 19 13 18 6 16 18 3 4 12 11 27 3 11 6 4 27 6 4 36 27 12 19 18 4 13 6 7 13 6 13 16 8 40 4 61 8 4 23 18 10 8 3 4 11 9 9 18 21 19 11 17 8 40
 61 11 4 12 8 10 24 9 8 36 11 12 13 14 6 4 17 18 4 24 18 9 10 13 3 8 3 4 24 11 9 11 4 18 19 4 24 19 27 21 13 6 4 17 18 4 9 18 12 27 24 18 9 11 12 13 14 6 4 17 18 4 13 6 7 8 9 10 11 12 13 14 6 4 3 18 4 23 11 4 11 9 9 18 21 19 11 17 8 4 16 11 10 36 13 44 6 40
 76 18 10 8 3 4 27 6 4 18 6 19 11 12 18 4 12 8 9 9 18 12 16 8 4 11 4 3 8 24 8 9 16 18 4 24 11 9 11 4 23 11 12 18 9 4 10 2 3 4 7 2 12 13 19 4 28 27 18 4 24 27 18 17 11 3 4 12 8 6 18 12 16 11 9 4 12 8 6 4 18 19 4 18 28 27 13 24 8 4 17 18 4 38 18 16 24 11 12 39 4 3 13 4 6 8 3 4 6 18 12 18 3 13 16 11 3 40
 15 6 12 8 6 16 9 11 10 8 3 4 27 6 11 4 8 24 12 13 14 6 4 3 13 6 4 27 16 13 19 13 32 11 9 4 18 6 4 19 11 4 12 8 6 7 13 21 27 9 11 12 13 14 6 4 17 18 4 19 11 4 16 11 9 31 18 16 11 4 7 19 8 16 11 6 16 18 4 17 18 4 63 9 11 35 11 16 11 9 4 52 4 19 11 4 28 27 13 16 11 10 8 3 40
 76 18 10 8 3 4 18 19 13 10 13 6 11 17 8 4 19 11 3 4 11 17 35 18 9 16 18 6 12 13 11 3 4 54 76 54 4 28 27 18 4 12 8 10 24 9 27 18 36 11 6 4 28 27 18 4 19 8 3 4 11 9 12 23 13 35 8 3 4 17 18 4 13 17 13 8 10 11 4 38 26 75 42 4 12 8 10 8 4 18 19 4 31 18 16 24 11 12 39 57 18 6 59 87 26 40 31 3 8 6 4 3 8 6 4 3 18 21 27 9 8 3 4 52 4 19 18 21 13 36 19 18 3 4 11 6 16 18 3 4 17 18 4 12 11 9 21 11 9 19 8 3 40
 26 18 4 23 11 6 4 23 18 12 23 8 4 35 11 9 13 11 3 4 12 8 9 9 18 12 12 13 8 6 18 3 4 18 6 4 3 13 6 12 9 8 6 13 32 11 9 4 24 11 9 11 4 9 18 24 11 9 11 9 4 24 9 8 36 19 18 10 11 3 4 12 8 6 4 17 13 7 27 6 17 13 9 34 4 6 8 16 13 7 13 12 11 12 13 8 6 18 3 4 52 4 3 27 3 12 9 13 24 12 13 8 6 18 3 40
 76 18 10 8 3 4 10 18 31 8 9 11 17 8 4 19 11 4 12 8 10 24 11 16 13 36 13 19 13 17 11 17 4 12 8 6 4 101 13 6 3 16 11 4 24 11 3 11 6 17 8 4 11 27 16 8 10 2 16 13 12 11 10 18 6 16 18 4 11 19 4 10 8 17 8 4 17 18 4 24 9 18 24 9 8 17 27 12 12 13 14 6 4 18 6 4 38 18 16 24 11 12 39 4 12 27 11 6 17 8 4 3 18 4 18 3 16 2 4 18 6 4 27 6 4 18 6 16 8 9 6 8 4 17 18 4 24 9 18 24 9 8 17 27 12 12 13 14 6 40
 1 11 9 39 17 8 56 6 4 16 13 18 6 18 4 11 23 8 9 11 4 27 6 11 4 12 19 11 3 18 4 20 26 26 4 18 6 4 19 11 3 4 6 8 16 11 3 4 11 19 4 24 13 18 40
 76 27 36 8 4 35 11 9 13 11 3 4 10 18 31 8 9 11 3 4 52 4 9 18 24 11 9 11 12 13 8 6 18 3 4 23 18 12 23 11 3 4 24 11 9 11 4 3 13 6 12 9 8 6 13 32 11 9 4 13 6 12 19 27 13 17 8 3 4 24 27 6 16 8 3 4 16 18 9 10 13 6 11 19 18 3 4 11 17 13 12 13 8 6 11 19 18 3 34 4 10 18 31 8 9 11 3 4 17 18 4 9 18 6 17 13 10 13 18 6 16 8 34 4 17 11 16 8 3 4 17 18 4 19 11 4 19 13 3 16 11 4 36 19 11 6 12 11 34 4 10 18 31 8 9 4 16 8 10 11 4 17 18 4 17 18 12 13 3 13 8 6 18 3 4 12 27 11 6 17 8 4 3 18 4 3 13 6 12 9 8 6 13 32 11 4 13 6 7 8 9 10 11 12 13 14 6 4 52 4 10 2 3 40
 61 11 3 4 18 3 16 11 17 33 3 16 13 12 11 3 4 11 23 8 9 11 4 9 18 3 24 8 6 17 18 6 4 10 2 3 4 9 2 24 13 17 8 40
 76 18 10 8 3 4 17 18 31 11 17 8 4 17 18 4 12 8 6 16 11 9 4 19 11 3 4 35 13 3 16 11 3 4 17 18 19 4 12 11 9 9 27 3 18 19 4 18 6 4 19 11 3 4 18 3 16 11 17 33 3 16 13 12 11 3 4 24 8 9 4 17 18 7 18 12 16 8 34 4 24 27 18 17 18 3 4 27 16 13 19 13 32 11 9 4 18 19 4 7 13 19 16 9 8 4 46 12 8 17 18 50 31 18 16 24 11 12 39 59 18 6 11 36 19 18 59 12 11 9 8 27 3 18 19 59 3 16 11 16 3 46 51 12 8 17 18 50 4 24 11 9 11 4 24 18 9 10 13 16 13 9 4 11 4 12 8 6 16 11 9 19 11 3 4 17 18 4 6 27 18 35 8 40
 61 8 3 4 12 11 10 36 13 8 3 4 6 8 4 21 27 11 9 17 11 17 8 3 4 3 18 4 24 18 9 17 33 11 6 4 12 27 11 6 17 8 4 19 8 3 4 27 3 27 11 9 13 8 3 4 6 11 35 18 21 11 36 11 6 4 7 27 18 9 11 4 17 18 4 19 8 3 4 11 31 27 3 16 18 3 4 11 3 33 4 28 27 18 4 23 18 10 8 3 4 24 27 18 3 16 8 4 27 6 4 10 18 6 3 11 31 18 4 17 18 4 12 8 6 7 13 9 10 11 12 13 14 6 4 24 11 9 11 4 18 35 13 16 11 9 4 28 27 18 4 18 3 16 8 4 3 27 12 18 17 11 40
 46 3 16 9 8 6 21 50 1 18 31 8 9 11 3 4 24 9 13 6 12 13 24 11 19 18 3 46 51 3 16 9 8 6 21 50
 46 3 16 9 8 6 21 50 20 8 9 9 18 12 12 13 14 6 4 17 18 4 18 9 9 8 9 18 3 55 46 51 3 16 9 8 6 21 50
 46 3 16 9 8 6 21 50 1 18 31 8 9 11 4 17 18 4 19 11 4 12 8 10 24 11 16 13 36 13 19 13 17 11 17 55 46 51 3 16 9 8 6 21 50
 42 8 16 13 12 13 11 4 17 18 19 4 19 11 6 32 11 10 13 18 6 16 8 55 4 23 16 16 24 55 51 51 56 24 40 10 18 51 24 69 10 8 37 52 57 80 62 15
 62 18 12 23 11 4 17 18 4 19 11 6 32 11 10 13 18 6 16 8 55 4 70 70 4 17 18 4 6 8 35 13 18 10 36 9 18 4 17 18 4 70 71 69 99
 62 18 12 23 11 4 17 18 4 19 11 4 35 18 9 3 13 14 6 55 4 99 4 17 18 4 17 13 12 13 18 10 36 9 18 4 17 18 4 70 71 69 99
 62 18 12 23 11 4 17 18 4 19 11 6 32 11 10 13 18 6 16 8 55 4 69 80 4 17 18 4 8 12 16 27 36 9 18 4 17 18 4 70 71 69 99
 62 18 12 23 11 4 17 18 4 19 11 6 32 11 10 13 18 6 16 8 55 4 70 69 4 17 18 4 6 8 35 13 18 10 36 9 18 4 17 18 4 70 71 69 99
 62 18 12 23 11 4 17 18 4 19 11 4 35 18 9 3 13 14 6 55 4 69 91 4 17 18 4 18 6 18 9 8 4 17 18 4 70 71 69 91
 62 18 12 23 11 4 17 18 4 19 11 4 35 18 9 3 13 14 6 55 4 91 4 17 18 4 7 18 36 9 18 9 8 4 17 18 4 70 71 69 91
 62 18 12 23 11 4 17 18 4 19 11 4 35 18 9 3 13 14 6 55 4 69 91 4 17 18 4 7 18 36 9 18 9 8 4 17 18 4 70 71 69 91
 62 18 12 23 11 4 17 18 4 19 11 4 35 18 9 3 13 14 6 55 4 69 84 4 17 18 4 10 11 9 32 8 4 17 18 4 70 71 69 91
 62 18 12 23 11 4 17 18 4 19 11 6 32 11 10 13 18 6 16 8 55 4 91 4 17 18 4 10 11 9 32 8 4 17 18 4 70 71 69 91
 62 18 12 23 11 4 17 18 4 19 11 6 32 11 10 13 18 6 16 8 55 4 70 71 4 17 18 4 11 36 9 13 19 4 17 18 4 70 71 69 99
