 34 18 2 6 8 5 2 6 13 10 23 16 15 5 6 28 8 23 6 5 2 2 12 6 32 8 4 6 14 11 3 11 14 30 6 4 2 10 3 11 2 12 6 13 8 14 11 14 30 6 14 2 3 4 25 18 6 2 5 16 15 5 2 6 8 13 11 15 7 15 61 3 11 15 8 5 30 6 14 8 25 15 3 10 6 14 18 3 4 15 5 16 30 6 13 4 8 11 2 25 11 15 8 5 30 6 33 3 25 29 23 13 14 30 6 14 13 2 2 12 30 6 3 5 12 6 2 7 3 15 10 6 10 15 14 11 6 7 3 5 3 16 2 7 2 5 11 38
 39 2 6 18 3 27 2 6 3 5 6 2 5 11 15 4 2 6 11 2 3 7 6 8 32 6 72 3 13 13 15 5 2 14 14 6 26 5 16 15 5 2 2 4 14 6 4 2 3 12 28 6 11 8 6 18 2 10 13 6 28 8 23 38 6 53 14 29 6 28 8 23 4 6 22 23 2 14 11 15 8 5 14 6 15 5 6 11 18 2 6 14 23 13 13 8 4 11 6 32 8 4 23 7 30 6 8 4 6 41 3 6 18 4 2 32 42 43 18 11 11 13 14 49 46 46 74 2 11 13 3 25 29 38 25 8 7 46 25 8 5 11 3 25 11 51 14 23 13 13 8 4 11 43 45 25 8 5 11 3 25 11 6 23 14 6 12 15 4 2 25 11 10 28 41 46 3 45 38
 37 2 11 13 3 25 29 6 33 28 6 39 8 4 12 50 4 2 14 14 38 25 8 7
 9 2 10 2 3 14 2 6 13 8 14 11 49 6 18 11 11 13 49 46 46 31 13 38 7 2 46 13 65 7 8 34 28 51 81 9 10
 62 5 14 11 3 10 10 3 11 15 8 5 6 62 5 14 11 4 23 25 11 15 8 5 14
 82 5 25 2 6 28 8 23 73 27 2 6 15 5 14 11 3 10 10 2 12 6 37 2 11 13 3 25 29 6 28 8 23 4 6 14 11 3 11 14 6 31 15 10 10 6 33 2 6 3 27 3 15 10 3 33 10 2 6 8 5 6 41 3 6 18 4 2 32 42 43 18 11 11 13 14 49 46 46 31 8 4 12 13 4 2 14 14 38 25 8 7 46 14 11 3 11 14 43 45 39 8 4 12 50 4 2 14 14 38 25 8 7 46 24 11 3 11 14 41 46 3 45 30 6 8 5 6 11 18 2 6 8 32 32 15 25 15 3 10 6 41 3 6 18 4 2 32 42 43 18 11 11 13 14 49 46 46 3 13 13 14 38 31 8 4 12 13 4 2 14 14 38 25 8 7 46 7 8 33 15 10 2 46 43 45 39 8 4 12 50 4 2 14 14 6 7 8 33 15 10 2 6 3 13 13 14 41 46 3 45 30 6 3 5 12 6 8 5 6 28 8 23 4 6 37 2 11 13 3 25 29 6 12 3 14 18 33 8 3 4 12 38
 53 6 39 8 4 12 50 4 2 14 14 38 25 8 7 6 3 25 25 8 23 5 11 6 15 14 6 12 15 32 32 2 4 2 5 11 6 32 4 8 7 6 11 18 2 6 3 25 25 8 23 5 11 6 28 8 23 6 23 14 2 6 11 8 6 10 8 16 6 15 5 11 8 6 28 8 23 4 6 14 2 10 32 51 18 8 14 11 2 12 6 39 8 4 12 50 4 2 14 14 38 6 62 32 6 28 8 23 6 25 3 5 6 10 8 16 6 15 5 11 8 6 41 3 6 18 4 2 32 42 43 18 11 11 13 14 49 46 46 31 8 4 12 13 4 2 14 14 38 25 8 7 43 45 39 8 4 12 50 4 2 14 14 38 25 8 7 41 46 3 45 30 6 11 18 2 5 6 28 8 23 6 3 10 4 2 3 12 28 6 18 3 27 2 6 3 6 39 8 4 12 50 4 2 14 14 38 25 8 7 6 3 25 25 8 23 5 11 38 6 62 32 6 28 8 23 6 25 3 5 73 11 30 6 28 8 23 6 25 3 5 6 2 3 14 15 10 28 6 25 4 2 3 11 2 6 8 5 2 6 41 3 6 18 4 2 32 42 43 18 11 11 13 14 49 46 46 74 2 11 13 3 25 29 38 25 8 7 46 15 5 14 11 3 10 10 40 32 4 8 7 42 31 13 8 4 16 43 45 12 23 4 15 5 16 6 15 5 14 11 3 10 10 3 11 15 8 5 41 46 3 45 38
 24 15 5 25 2 6 37 2 11 13 3 25 29 6 3 5 12 6 15 11 14 6 14 2 4 27 15 25 2 14 6 3 4 2 6 13 4 8 27 15 12 2 12 6 3 5 12 6 18 8 14 11 2 12 6 33 28 6 39 8 4 12 50 4 2 14 14 38 25 8 7 30 6 3 6 39 8 4 12 50 4 2 14 14 38 25 8 7 6 3 25 25 8 23 5 11 6 15 14 6 4 2 22 23 15 4 2 12 6 32 8 4 6 37 2 11 13 3 25 29 6 11 8 6 32 23 5 25 11 15 8 5 38
 62 32 6 28 8 23 73 4 2 6 15 5 11 2 4 2 14 11 2 12 6 15 5 6 10 2 3 4 5 15 5 16 6 7 8 4 2 6 3 33 8 23 11 6 11 18 2 6 2 21 11 4 3 6 10 3 28 2 4 14 6 8 32 6 13 4 8 11 2 25 11 15 8 5 6 3 5 12 6 3 12 27 3 5 25 2 12 6 11 8 8 10 14 6 3 27 3 15 10 3 33 10 2 30 6 10 2 3 4 5 6 7 8 4 2 6 3 33 8 23 11 6 8 23 4 6 41 3 6 18 4 2 32 42 43 18 11 11 13 14 49 46 46 74 2 11 13 3 25 29 38 25 8 7 46 13 4 15 25 15 5 16 40 32 4 8 7 42 31 13 8 4 16 43 45 13 3 15 12 6 13 10 3 5 14 41 46 3 45 38
 37 2 11 13 3 25 29 73 14 6 13 3 15 12 6 14 2 4 27 15 25 2 14 6 15 5 25 10 23 12 2 6 3 23 11 8 7 3 11 2 12 6 33 3 25 29 23 13 14 30 6 14 2 25 23 4 15 11 28 6 14 25 3 5 5 15 5 16 30 6 14 13 3 7 6 32 15 10 11 2 4 15 5 16 30 6 27 15 12 2 8 6 18 8 14 11 15 5 16 30 6 14 15 11 2 6 7 8 5 2 11 15 61 3 11 15 8 5 30 6 24 26 82 6 11 8 8 10 14 30 6 3 5 12 6 13 4 15 8 4 15 11 28 6 14 23 13 13 8 4 11 38
 36 2 14 47 6 37 2 11 13 3 25 29 73 14 6 25 8 4 2 6 32 2 3 11 23 4 2 14 6 3 4 2 6 3 5 12 6 3 10 31 3 28 14 6 31 15 10 10 6 33 2 6 32 4 2 2 38
 24 18 8 23 10 12 6 62 6 13 23 4 25 18 3 14 2 6 3 6 13 3 15 12 6 13 10 3 5 40
 53 10 11 2 4 5 3 11 15 27 2 10 28 30 6 15 5 14 11 3 10 10 6 37 2 11 13 3 25 29 6 27 15 3 6 11 18 2 6 13 10 23 16 15 5 6 12 15 4 2 25 11 8 4 28 30 6 8 4 6 23 13 10 8 3 12 6 11 18 2 6 32 15 10 2 14 6 7 3 5 23 3 10 10 28 6 11 8 6 28 8 23 4 6 14 2 4 27 2 4 6 3 5 12 6 32 8 10 10 8 31 6 11 18 2 6 8 5 51 14 25 4 2 2 5 6 15 5 14 11 4 23 25 11 15 8 5 14 38 6 62 32 6 28 8 23 6 5 2 2 12 6 3 12 12 15 11 15 8 5 3 10 6 18 2 10 13 6 41 3 6 18 4 2 32 42 43 18 11 11 13 49 46 46 74 2 11 13 3 25 29 38 25 8 7 46 14 23 13 13 8 4 11 46 15 5 14 11 3 10 10 15 5 16 51 74 2 11 13 3 25 29 46 43 45 4 2 3 12 6 8 23 4 6 12 2 11 3 15 10 2 12 6 15 5 14 11 4 23 25 11 15 8 5 14 41 46 3 45 38
 62 5 14 11 3 10 10 3 11 15 8 5 6 15 14 6 32 4 2 2 30 6 22 23 15 25 29 30 6 3 5 12 6 2 3 14 28 38 6 41 3 6 18 4 2 32 42 43 18 11 11 13 14 49 46 46 74 2 11 13 3 25 29 38 25 8 7 46 15 5 14 11 3 10 10 40 32 4 8 7 42 31 13 8 4 16 43 45 62 5 14 11 3 10 10 6 37 2 11 13 3 25 29 6 32 4 8 7 6 8 23 4 6 14 15 11 2 41 46 3 45 6 15 5 6 7 15 5 23 11 2 14 38
 64 3 5 23 3 10 6 53 10 11 2 4 5 3 11 15 27 2 14
 53 23 11 8 7 3 11 2 12 6 62 5 14 11 3 10 10 3 11 15 8 5
 62 5 14 11 3 10 10 3 11 15 8 5 6 15 14 6 32 4 2 2 30 6 22 23 15 25 29 30 6 3 5 12 6 2 3 14 28 38 6 24 2 11 6 23 13 6 41 3 6 18 4 2 32 42 43 18 11 11 13 14 49 46 46 74 2 11 13 3 25 29 38 25 8 7 46 15 5 14 11 3 10 10 40 32 4 8 7 42 31 13 8 4 16 43 45 11 18 2 6 32 4 2 2 6 13 10 3 5 41 46 3 45 6 15 5 6 7 15 5 23 11 2 14 38
 64 8 14 11 6 8 32 6 37 2 11 13 3 25 29 73 14 6 32 2 3 11 23 4 2 14 6 3 5 12 6 14 2 4 27 15 25 2 14 6 3 4 2 6 32 4 2 2 38 6 37 2 11 13 3 25 29 6 3 10 14 8 6 13 4 8 27 15 12 2 14 6 3 12 27 3 5 25 2 12 6 14 2 25 23 4 15 11 28 6 3 5 12 6 33 3 25 29 23 13 6 14 2 4 27 15 25 2 14 30 6 27 15 12 2 8 6 18 8 14 11 15 5 16 30 6 14 15 11 2 6 7 8 5 2 11 15 61 3 11 15 8 5 30 6 13 4 15 8 4 15 11 28 6 14 23 13 13 8 4 11 30 6 3 5 12 6 7 8 4 2 6 24 26 82 6 11 8 8 10 14 6 15 5 6 11 18 4 2 2 6 41 3 6 18 4 2 32 42 43 18 11 11 13 14 49 46 46 74 2 11 13 3 25 29 38 25 8 7 46 13 4 15 25 15 5 16 40 32 4 8 7 42 31 13 8 4 16 43 45 14 15 7 13 10 2 6 3 5 12 6 3 32 32 8 4 12 3 33 10 2 6 13 10 3 5 14 41 46 3 45 38
 35 4 2 3 11 2 6 3 6 25 8 5 5 2 25 11 15 8 5 6 31 15 11 18 6 28 8 23 4 6 4 2 3 12 2 4 14 6 3 5 12 6 29 2 2 13 6 11 18 2 7 6 25 8 7 15 5 16 6 33 3 25 29 6 11 8 6 28 8 23 4 6 14 15 11 2 6 31 15 11 18 49
 53 12 12 6 4 15 25 18 30 6 33 2 3 23 11 15 32 23 10 10 28 51 13 4 2 14 2 5 11 2 12 6 7 2 12 15 3 6 51 51 6 5 8 6 16 4 3 13 18 15 25 6 12 2 14 15 16 5 6 2 21 13 2 4 11 15 14 2 6 5 2 25 2 14 14 3 4 28 49
 24 11 8 13 6 31 8 4 4 28 15 5 16 6 3 33 8 23 11 6 12 3 11 3 6 10 8 14 14 30 6 12 8 31 5 11 15 7 2 30 6 3 5 12 6 18 3 25 29 15 5 16 38 6 37 2 11 13 3 25 29 6 13 4 8 27 15 12 2 14 49
 34 4 3 32 32 15 25 6 15 14 6 11 18 2 6 10 15 32 2 33 10 8 8 12 6 8 32 6 3 5 28 6 31 2 33 14 15 11 2 38 6 37 2 11 13 3 25 29 6 15 5 25 10 23 12 2 14 49
 90 2 2 13 6 3 5 28 6 39 8 4 12 50 4 2 14 14 6 14 15 11 2 6 14 2 25 23 4 2 30 6 15 5 25 4 2 3 14 2 6 11 4 3 32 32 15 25 30 6 3 5 12 6 2 5 16 3 16 2 6 28 8 23 4 6 4 2 3 12 2 4 14 38
 85 32 4 2 2 86 6 62 5 32 15 5 15 11 2 6 14 25 4 8 10 10 6 32 8 4 6 28 8 23 4 6 13 8 14 11 14
 85 32 4 2 2 86 6 58 23 10 10 28 51 25 23 14 11 8 7 15 61 3 33 10 2 6 25 8 5 11 3 25 11 6 32 8 4 7 14
 85 32 4 2 2 86 6 35 8 7 7 2 5 11 6 10 8 16 15 5 6 31 15 11 18 6 58 3 25 2 33 8 8 29 30 6 34 31 15 11 11 2 4 30 6 3 5 12 6 59 8 8 16 10 2
 85 32 4 2 2 86 6 26 7 3 15 10 6 14 23 33 14 25 4 15 13 11 15 8 5 14
 85 13 3 15 12 86 6 72 15 16 18 51 14 13 2 2 12 30 6 3 12 51 32 4 2 2 30 6 3 5 12 6 18 15 16 18 51 12 2 32 15 5 15 11 15 8 5 6 27 15 12 2 8 6 18 8 14 11 15 5 16
 85 32 4 2 2 86 6 26 21 11 4 3 6 14 15 12 2 33 3 4 6 31 15 12 16 2 11 14 6 15 5 25 10 23 12 15 5 16 6 33 10 8 16 6 14 11 3 11 14 30 6 25 3 10 2 5 12 3 4 30 6 3 5 12 6 3 23 11 18 8 4 6 31 15 12 16 2 11 14
 85 32 4 2 2 86 6 24 15 12 2 33 3 4 6 25 23 14 11 8 7 15 61 3 11 15 8 5 6 15 5 25 10 23 12 15 5 16 6 58 3 25 2 33 8 8 29 30 6 34 31 15 11 11 2 4 30 6 3 5 12 6 9 24 24 6 32 2 2 12 14
 85 32 4 2 2 86 6 24 15 7 13 10 2 6 2 7 33 2 12 14 6 32 4 8 7 6 36 8 23 34 23 33 2 30 6 59 8 8 16 10 2 6 56 8 25 23 7 2 5 11 14 30 6 24 13 8 11 15 32 28 6 3 5 12 6 7 8 4 2
 85 32 4 2 2 86 6 35 3 4 8 23 14 2 10 14 30 6 14 10 15 12 2 14 18 8 31 14 30 6 3 5 12 6 11 15 10 2 12 6 16 3 10 10 2 4 15 2 14
 85 32 4 2 2 86 6 53 6 18 15 16 18 51 14 13 2 2 12 6 35 56 20 6 32 8 4 6 28 8 23 4 6 15 7 3 16 2 14
 85 13 3 15 12 86 6 24 15 11 2 6 33 3 25 29 23 13 14 30 6 4 2 14 11 8 4 2 14 30 6 3 5 12 6 7 15 16 4 3 11 15 8 5 14
 85 13 3 15 12 86 6 64 3 10 31 3 4 2 6 14 25 3 5 5 15 5 16 30 6 25 8 12 2 6 14 25 3 5 5 15 5 16 30 6 3 5 12 6 11 18 4 2 3 11 6 4 2 14 8 10 23 11 15 8 5
 85 32 4 2 2 86 6 24 2 25 23 4 2 12 6 10 8 16 15 5 14 6 3 5 12 6 11 31 8 51 32 3 25 11 8 4 6 3 23 11 18 2 5 11 15 25 3 11 15 8 5
 85 32 4 2 2 86 6 56 8 31 5 11 15 7 2 6 3 5 12 6 23 13 11 15 7 2 6 7 8 5 15 11 8 4 15 5 16
 85 32 4 2 2 86 6 52 4 23 11 2 6 32 8 4 25 2 6 3 11 11 3 25 29 6 13 4 8 11 2 25 11 15 8 5
 85 13 3 15 12 86 6 53 12 27 2 4 11 15 14 15 5 16 6 13 4 8 16 4 3 7 6 11 18 3 11 6 15 5 25 10 23 12 2 14 6 11 18 2 6 33 2 14 11 6 8 32 6 53 12 24 2 5 14 2 30 6 58 3 25 2 33 8 8 29 6 53 12 14 30 6 53 82 1 30 6 53 7 3 61 8 5 30 6 59 8 8 16 10 2 6 53 12 84 30 6 3 5 12 6 36 3 18 8 8
 85 13 3 15 12 86 6 24 2 3 4 25 18 6 2 5 16 15 5 2 6 8 13 11 15 7 15 61 3 11 15 8 5 6 11 8 8 10 14 6 32 8 4 6 59 8 8 16 10 2 30 6 52 15 5 16 30 6 34 31 15 11 11 2 4 30 6 58 3 25 2 33 8 8 29 30 6 3 5 12 6 39 8 4 12 50 4 2 14 14 38 25 8 7
 85 32 4 2 2 86 6 9 2 10 3 11 2 12 6 13 8 14 11 14
 85 32 4 2 2 86 6 53 23 11 8 7 3 11 15 25 6 14 18 3 4 15 5 16 6 8 5 6 58 3 25 2 33 8 8 29 30 6 34 31 15 11 11 2 4 30 6 1 15 5 29 2 12 62 5 30 6 34 23 7 33 10 4 30 6 9 2 12 12 15 11 30 6 3 5 12 6 39 18 3 11 14 53 13 13
 85 32 4 2 2 86 6 24 15 11 2 6 14 11 3 11 14 6 3 5 12 6 3 5 3 10 28 11 15 25 14
 59 2 11 6 24 11 3 4 11 2 12
 50 3 15 12 6 24 2 4 27 15 25 2 14
 26 21 13 2 4 11 6 24 23 13 13 8 4 11
 56 15 14 25 23 14 14 15 8 5 6 3 5 12 6 35 8 7 7 23 5 15 11 28
 35 8 5 11 2 5 11 6 35 4 2 3 11 15 8 5
 24 2 25 23 4 15 11 28 6 3 5 12 6 52 3 25 29 23 13 6 24 2 4 27 15 25 2 14
 34 4 3 32 32 15 25 6 3 5 12 6 24 26 82 6 34 8 8 10 14
 34 4 3 32 32 15 25 49 6 24 26 82 6 34 8 8 10 14 6 32 8 4 6 59 8 8 16 10 2 30 6 34 31 15 11 11 2 4 30 6 58 3 25 2 33 8 8 29 6 3 5 12 6 7 8 4 2 38
 53 5 3 10 28 11 15 25 14 49 6 53 25 11 15 8 5 3 33 10 2 6 14 15 11 2 6 14 11 3 11 14 6 3 5 12 6 11 4 3 32 32 15 25 6 15 5 14 15 16 18 11 14 38
 26 5 16 3 16 2 7 2 5 11 49 6 24 8 25 15 3 10 6 14 18 3 4 15 5 16 30 6 10 15 29 2 14 30 6 3 5 12 6 4 2 10 3 11 2 12 6 13 8 14 11 14 38
 24 3 32 2 11 28 49 6 50 4 8 11 2 25 11 6 28 8 23 4 6 14 15 11 2 6 3 5 12 6 12 3 11 3 6 31 15 11 18 6 13 8 31 2 4 32 23 10 6 14 2 25 23 4 15 11 28 6 14 2 4 27 15 25 2 14 38
 56 3 14 18 33 8 3 4 12 49 6 52 15 4 12 57 14 6 2 28 2 6 27 15 2 31 6 8 32 6 28 8 23 4 6 14 15 11 2 6 14 11 3 11 14 30 6 14 11 3 11 23 14 30 6 3 5 12 6 18 2 3 10 11 18 38
 34 18 2 4 2 6 3 4 2 6 8 13 13 8 4 11 23 5 15 11 15 2 14 6 32 8 4 6 12 2 27 2 10 8 13 2 4 14 6 3 11 6 3 10 10 6 10 2 27 2 10 14 6 11 8 6 25 8 5 11 4 15 33 23 11 2 38 6 41 3 6 18 4 2 32 42 43 18 11 11 13 14 49 46 46 74 2 11 13 3 25 29 38 25 8 7 46 25 8 5 11 4 15 33 23 11 2 43 45 1 2 3 4 5 6 7 8 4 2 6 3 33 8 23 11 6 25 8 5 11 4 15 33 23 11 15 5 16 6 11 8 6 37 2 11 13 3 25 29 41 46 3 45 6 8 4 6 25 8 5 14 15 12 2 4 6 41 3 6 18 4 2 32 42 43 18 11 11 13 14 49 46 46 74 2 11 13 3 25 29 38 25 8 7 46 33 2 11 3 43 45 74 8 15 5 15 5 16 6 8 23 4 6 33 2 11 3 6 13 4 8 16 4 3 7 41 46 3 45 38
 39 18 28 6 12 8 6 62 6 5 2 2 12 6 3 6 39 8 4 12 50 4 2 14 14 38 25 8 7 6 3 25 25 8 23 5 11 40
 62 14 6 37 2 11 13 3 25 29 6 58 4 2 2 40
 72 8 31 6 12 8 6 62 6 25 8 5 11 4 15 33 23 11 2 6 11 8 6 37 2 11 13 3 25 29 40
 72 8 31 6 12 8 6 62 6 27 15 2 31 6 7 28 6 14 11 3 11 14 40
 62 6 3 10 4 2 3 12 28 6 18 3 27 2 6 3 6 39 8 4 12 50 4 2 14 14 6 3 25 25 8 23 5 11 30 6 33 23 11 6 37 2 11 13 3 25 29 6 15 14 5 73 11 6 31 8 4 29 15 5 16 38 6 39 18 3 11 73 14 6 16 8 15 5 16 6 8 5 40
 53 27 8 15 12 6 2 4 4 8 4 14 6 31 18 2 5 6 11 18 2 6 37 2 11 13 3 25 29 6 13 10 23 16 15 5 6 15 14 6 12 2 10 2 11 2 12 38
 64 3 29 2 6 14 23 4 2 6 15 7 3 16 2 14 6 3 4 2 6 5 8 11 6 12 15 14 11 8 4 11 2 12 6 31 18 2 5 6 34 15 10 2 12 6 59 3 10 10 2 4 15 2 14 6 23 14 2 14 6 50 18 8 11 8 5 38
 53 10 10 8 31 6 11 18 2 6 4 2 7 8 27 3 10 6 8 32 6 3 10 10 6 25 23 14 11 8 7 6 11 15 11 10 2 6 14 2 11 11 15 5 16 14 6 15 5 6 11 18 2 6 24 26 82 6 32 2 3 11 23 4 2 38
 53 27 8 15 12 6 32 3 11 3 10 6 2 4 4 8 4 14 6 31 18 2 5 6 11 18 2 6 2 21 25 10 23 14 15 8 5 6 13 3 4 3 7 2 11 2 4 6 15 5 6 9 2 10 3 11 2 12 6 50 8 14 11 14 6 15 14 6 5 8 11 6 3 6 14 11 4 15 5 16 38
 58 2 3 11 23 4 2 12 6 62 7 3 16 2 6 15 14 6 3 10 31 3 28 14 6 23 14 2 12 6 15 5 6 11 31 2 2 11 14 6 13 8 14 11 2 12 6 27 15 3 6 50 23 33 10 15 25 15 61 2 38
 56 15 14 13 10 3 28 6 3 10 10 6 14 15 11 2 14 6 3 27 3 15 10 3 33 10 2 6 15 5 6 3 6 5 2 11 31 8 4 29 30 6 2 27 2 5 6 8 5 6 10 3 4 16 2 6 7 23 10 11 15 14 15 11 2 6 15 5 14 11 3 10 10 3 11 15 8 5 14 38
 53 12 14 6 5 8 11 6 12 15 14 13 10 3 28 2 12 6 15 5 6 11 18 2 6 13 8 4 11 32 8 10 15 8 6 13 4 8 74 2 25 11 14 6 25 23 14 11 8 7 6 25 8 5 11 2 5 11 6 11 28 13 2 38
 35 8 5 11 3 25 11 6 58 8 4 7 6 7 2 14 14 3 16 2 6 25 8 5 11 2 5 11 6 11 28 13 2 6 15 14 6 5 8 31 6 14 2 11 6 13 4 8 13 2 4 10 28 6 11 8 6 4 2 14 11 8 4 2 6 25 8 7 13 3 11 15 33 15 10 15 11 28 6 31 15 11 18 6 2 7 3 15 10 6 13 10 23 16 15 5 14 38
 56 3 14 18 33 8 3 4 12 6 3 27 8 15 12 14 6 53 50 62 6 4 2 22 23 2 14 11 14 6 33 2 15 5 16 6 25 3 25 18 2 12 6 8 5 6 14 8 7 2 6 18 8 14 11 14 6 3 5 12 6 3 27 8 15 12 14 6 2 4 4 8 4 14 6 31 18 2 5 6 24 13 2 10 10 25 18 2 25 29 2 4 6 15 14 6 15 5 3 25 11 15 27 2 38
 50 4 8 11 2 25 11 6 14 23 13 13 8 4 11 14 6 62 50 27 91 6 3 12 12 4 2 14 14 2 14 6 13 4 8 13 2 4 10 28 38
 71 15 12 2 8 50 4 2 14 14 6 5 8 31 6 15 5 25 10 23 12 2 12 6 15 5 6 14 2 3 4 25 18 6 4 2 14 23 10 11 14 6 32 8 4 6 43 27 15 12 2 8 43 6 3 5 12 6 32 15 21 2 12 6 13 8 14 15 11 15 8 5 15 5 16 6 8 32 6 14 2 3 4 25 18 6 15 25 8 5 6 8 5 6 7 8 33 15 10 2 6 14 25 4 2 2 5 14 38
 50 4 8 13 2 4 10 28 6 12 15 14 13 10 3 28 6 71 3 23 10 11 50 4 2 14 14 6 5 8 11 15 25 2 14 6 15 5 6 11 18 2 6 37 2 11 13 3 25 29 6 12 3 14 18 33 8 3 4 12 38
 58 15 21 2 12 6 3 6 5 8 11 15 25 2 6 15 5 6 11 18 2 6 14 23 33 14 25 4 15 13 11 15 8 5 6 31 15 12 16 2 11 6 15 5 6 50 72 50 6 80 38 65
 58 15 21 2 12 6 31 8 4 12 15 5 16 6 15 5 6 50 8 14 11 6 52 28 6 26 7 3 15 10 6 33 23 11 11 8 5 6 31 18 2 5 6 5 8 6 2 7 3 15 10 6 3 12 12 4 2 14 14 6 18 3 14 6 33 2 2 5 6 16 2 5 2 4 3 11 2 12 38
 39 8 4 12 50 2 14 14 38 25 8 7 6 9 26 24 34 6 53 50 62 6 5 8 31 6 3 10 10 8 31 14 6 41 25 8 12 2 45 72 34 34 50 6 50 63 34 41 46 25 8 12 2 45 6 4 2 22 23 2 14 11 14 38
 35 8 5 11 3 25 11 6 58 8 4 7 6 5 8 11 6 3 23 11 8 51 3 25 11 15 27 3 11 2 12 6 31 18 2 5 6 20 15 5 74 3 6 58 8 4 7 14 6 15 14 6 3 25 11 15 27 2 38
 24 28 5 25 6 13 10 23 16 15 5 6 3 5 12 6 11 18 2 7 2 6 5 3 7 2 14 6 31 18 2 5 6 3 6 4 2 10 3 11 2 12 6 2 27 2 5 11 6 15 14 6 11 4 15 16 16 2 4 2 12 6 15 5 25 10 23 12 15 5 16 6 11 18 2 7 2 6 23 13 12 3 11 2 14 38
 39 2 6 5 8 31 6 12 15 14 11 15 5 16 23 15 14 18 6 33 2 11 31 2 2 5 6 3 6 5 2 31 6 3 5 12 6 3 5 6 23 13 12 3 11 2 12 6 3 11 11 3 25 18 7 2 5 11 38
 24 28 5 25 6 13 8 14 11 6 12 2 10 2 11 15 8 5 14 30 6 25 18 3 5 16 2 14 6 11 8 6 14 15 12 2 33 3 4 30 6 23 14 2 4 6 2 27 2 5 11 14 6 69 3 12 12 15 11 15 8 5 30 6 4 2 7 8 27 3 10 30 6 3 5 12 6 23 13 12 3 11 2 70 6 3 5 12 6 11 18 2 7 2 6 15 5 14 11 3 10 10 3 11 15 8 5 38
 50 10 23 16 15 5 6 3 23 11 8 51 23 13 12 3 11 2 14 6 8 5 10 28 6 11 4 15 16 16 2 4 2 12 6 32 4 8 7 6 39 8 4 12 50 4 2 14 14 38 25 8 7 6 3 5 12 6 5 8 31 6 11 4 15 16 16 2 4 6 39 8 4 12 50 4 2 14 14 73 6 7 3 15 5 11 2 5 3 5 25 2 6 7 8 12 2 38
 63 13 12 3 11 2 12 6 11 18 2 6 10 15 14 11 6 8 32 6 10 8 25 3 10 2 14 6 3 27 3 15 10 3 33 10 2 6 15 5 6 37 2 11 13 3 25 29 38
 56 2 27 2 10 8 13 7 2 5 11 6 7 8 12 2 6 5 8 31 6 3 10 14 8 6 14 18 8 31 14 6 7 8 12 23 10 2 6 10 15 14 11 38
 35 8 5 11 3 25 11 6 58 8 4 7 6 5 8 31 6 3 12 12 14 6 12 15 14 13 10 3 28 6 5 3 7 2 14 6 11 8 6 2 7 3 15 10 6 3 12 12 4 2 14 14 2 14 6 15 5 6 11 18 2 6 41 25 8 12 2 45 34 8 41 46 25 8 12 2 45 6 18 2 3 12 2 4 38
 9 2 7 8 27 2 12 6 23 5 23 14 2 12 6 25 8 12 2 6 32 4 8 7 6 43 64 28 6 37 2 11 13 3 25 29 43 6 15 5 11 2 4 32 3 25 2 6 3 5 12 6 12 2 13 4 2 25 3 11 2 12 6 3 5 6 84 64 1 51 9 50 35 6 7 2 11 18 8 12 38
 24 23 25 25 2 14 14 6 5 8 11 15 25 2 14 6 3 4 2 6 3 23 11 8 7 3 11 15 25 3 10 10 28 6 12 15 14 7 15 14 14 2 12 6 3 32 11 2 4 6 3 6 14 18 8 4 11 6 13 2 4 15 8 12 38
 20 2 31 6 43 26 63 6 35 8 8 29 15 2 6 1 3 31 6 52 3 5 5 2 4 43 30 6 58 10 15 25 29 4 30 6 3 5 12 6 43 62 5 11 2 4 5 2 11 6 56 2 32 2 5 14 2 6 1 2 3 16 23 2 43 6 31 15 12 16 2 11 14 38
 58 15 21 2 12 6 3 6 33 23 16 6 11 18 3 11 6 31 3 14 6 25 3 23 14 15 5 16 6 3 6 33 10 3 5 29 6 37 2 11 13 3 25 29 6 3 12 7 15 5 6 3 4 2 3 38
 9 2 10 2 3 14 2 6 13 8 14 11 49 6 18 11 11 13 49 46 46 31 13 38 7 2 46 13 65 7 8 34 28 51 81 50 67
 9 2 10 2 3 14 2 6 13 8 14 11 49 6 18 11 11 13 49 46 46 31 13 38 7 2 46 13 65 7 8 34 28 51 81 20 68
 41 14 11 4 8 5 16 45 35 8 7 13 3 11 15 33 15 10 15 11 28 6 62 7 13 4 8 27 2 7 2 5 11 14 41 46 14 11 4 8 5 16 45
 41 14 11 4 8 5 16 45 24 2 25 23 4 15 11 28 6 62 7 13 4 8 27 2 7 2 5 11 14 41 46 14 11 4 8 5 16 45
 41 14 11 4 8 5 16 45 53 25 25 2 14 14 15 33 15 10 15 11 28 6 62 7 13 4 8 27 2 7 2 5 11 14 41 46 14 11 4 8 5 16 45
 41 14 11 4 8 5 16 45 24 10 15 16 18 11 10 28 6 1 2 14 14 6 26 21 25 15 11 15 5 16 6 26 5 18 3 5 25 2 7 2 5 11 14 41 46 14 11 4 8 5 16 45
 62 5 14 11 3 16 4 3 7 6 33 3 14 2 6 63 9 1 6 5 8 31 6 23 14 2 14 6 41 25 8 12 2 45 31 31 31 41 46 25 8 12 2 45 6 15 5 6 11 18 2 6 24 8 25 15 3 10 6 64 2 12 15 3 6 62 25 8 5 14 6 31 15 12 16 2 11 38
 71 15 12 2 8 50 4 2 14 14 6 5 8 31 6 3 27 8 15 12 14 6 50 72 50 6 20 8 11 15 25 2 14 6 31 18 2 5 6 32 2 11 25 18 15 5 16 6 27 15 12 2 8 6 15 5 32 8 4 7 3 11 15 8 5 38
 39 18 2 5 6 11 18 2 6 2 7 3 15 10 6 15 14 6 3 10 4 2 3 12 28 6 14 23 33 14 25 4 15 33 2 12 6 31 2 6 5 8 31 6 14 18 8 31 6 11 18 2 6 25 8 4 4 2 25 11 6 5 8 11 15 32 15 25 3 11 15 8 5 6 15 5 6 11 18 2 6 14 23 33 14 25 4 15 13 11 15 8 5 6 32 8 4 7 38
 59 4 3 27 3 11 3 4 6 15 14 6 3 10 31 3 28 14 6 12 15 14 13 10 3 28 2 12 6 15 5 6 24 2 11 11 15 5 16 14 38
 52 2 11 11 2 4 6 14 23 13 13 8 4 11 6 32 8 4 6 39 8 8 35 8 7 7 2 4 25 2 6 12 3 11 3 6 14 28 5 25 6 3 5 12 6 33 3 25 29 23 13 38
 50 23 33 10 15 25 15 61 2 6 5 8 31 6 31 8 4 29 14 6 31 15 11 18 6 11 18 15 4 12 51 13 3 4 11 28 6 13 10 23 16 15 5 14 6 10 15 29 2 6 39 50 6 9 2 25 15 13 2 6 64 3 29 2 4 38
 39 2 6 5 8 31 6 3 27 8 15 12 6 13 3 11 18 6 12 15 14 25 10 8 14 23 4 2 6 27 15 3 6 25 8 8 29 15 2 14 6 15 5 6 50 72 50 6 2 4 4 8 4 6 7 2 14 14 3 16 2 14 38
 63 13 12 3 11 2 12 6 25 23 14 11 8 7 6 10 3 5 16 23 3 16 2 6 13 3 25 29 14 6 32 8 4 6 7 23 10 11 15 13 10 2 6 10 3 5 16 23 3 16 2 14 38
 37 2 11 13 3 25 29 6 13 10 3 5 6 12 3 11 3 6 5 8 31 6 23 14 2 14 6 11 18 2 6 39 8 4 12 50 4 2 14 14 38 25 8 7 6 9 26 24 34 6 53 50 62 38
 36 8 23 6 25 3 5 6 5 8 31 6 2 7 33 2 12 6 53 13 13 10 2 6 90 2 28 5 8 11 2 14 6 14 11 4 3 15 16 18 11 6 32 4 8 7 6 15 25 10 8 23 12 38 25 8 7 6 15 5 6 28 8 23 4 6 13 8 14 11 14 6 3 5 12 6 13 3 16 2 14 38
 9 2 10 2 3 14 2 6 13 8 14 11 49 6 18 11 11 13 49 46 46 31 13 38 7 2 46 13 65 7 8 34 28 51 81 91 1
 41 14 11 4 8 5 16 45 62 7 13 4 8 27 2 12 6 35 8 7 13 3 11 15 33 15 10 15 11 28 41 46 14 11 4 8 5 16 45
 41 14 11 4 8 5 16 45 50 2 4 32 8 4 7 3 5 25 2 6 62 7 13 4 8 27 2 7 2 5 11 14 41 46 14 11 4 8 5 16 45
 26 5 3 33 10 2 6 59 8 8 16 10 2 6 53 5 3 10 28 11 15 25 14 6 31 15 11 18 8 23 11 6 11 8 23 25 18 15 5 16 6 3 6 10 15 5 2 6 8 32 6 25 8 12 2 6 31 15 11 18 6 11 18 15 14 6 5 2 31 6 37 2 11 13 3 25 29 6 32 2 3 11 23 4 2 38
 9 2 10 2 3 14 2 6 13 8 14 11 49 6 18 11 11 13 49 46 46 31 13 38 7 2 46 13 65 7 8 34 28 51 81 67 16
 9 2 10 2 3 14 2 6 13 8 14 11 49 6 18 11 11 13 49 46 46 31 13 38 7 2 46 13 65 7 8 34 28 51 76 90 25
 41 14 11 4 8 5 16 45 24 10 15 16 18 11 10 28 6 1 2 14 14 6 26 21 25 15 11 15 5 16 6 26 5 18 3 5 25 2 7 2 5 11 14 49 41 46 14 11 4 8 5 16 45
 41 14 11 4 8 5 16 45 50 2 4 32 8 4 7 3 5 25 2 6 3 5 12 6 24 2 25 23 4 15 11 28 6 62 7 13 4 8 27 2 7 2 5 11 14 49 41 46 14 11 4 8 5 16 45
 41 14 11 4 8 5 16 45 26 21 25 15 11 15 5 16 6 20 2 31 6 58 2 3 11 23 4 2 14 6 3 5 12 6 62 7 13 4 8 27 2 7 2 5 11 14 49 41 46 14 11 4 8 5 16 45
 34 18 15 14 6 4 2 10 2 3 14 2 6 15 5 11 4 8 12 23 25 2 14 6 3 6 33 4 3 5 12 51 5 2 31 6 7 8 12 23 10 2 30 6 37 2 11 13 3 25 29 6 53 12 14 30 6 3 6 33 4 3 5 12 51 5 2 31 6 71 15 12 2 8 50 4 2 14 14 6 32 2 3 11 23 4 2 30 6 3 5 12 6 3 6 10 8 11 6 8 32 6 5 2 31 6 14 18 8 4 11 25 8 12 2 14 6 3 5 12 6 31 15 12 16 2 11 14 38
 34 18 2 6 34 8 13 6 50 8 14 11 14 6 39 15 12 16 2 11 6 5 8 31 6 3 27 8 15 12 14 6 10 3 28 8 23 11 6 15 14 14 23 2 14 6 31 18 2 5 6 23 14 15 5 16 6 11 18 2 6 59 4 15 12 6 10 3 28 8 23 11 6 31 18 15 10 2 6 12 15 14 13 10 3 28 15 5 16 6 3 6 13 8 14 11 6 31 15 11 18 8 23 11 6 3 5 6 15 7 3 16 2 38
 53 12 12 2 12 6 3 6 34 4 3 5 14 10 3 11 2 6 39 15 12 16 2 11 6 12 2 32 3 23 10 11 6 11 15 11 10 2 6 15 5 6 25 3 14 2 6 28 8 23 6 18 3 27 2 5 73 11 6 12 2 32 15 5 2 12 6 8 5 2 38
 58 15 21 2 12 6 27 3 4 15 8 23 14 6 10 15 11 11 10 2 6 33 23 16 14 6 31 18 2 5 6 31 8 4 29 15 5 16 6 31 15 11 18 6 7 23 10 11 15 13 10 2 6 31 15 12 16 2 11 14 6 15 5 6 11 18 2 6 35 23 14 11 8 7 15 61 2 4 6 3 5 12 6 15 5 6 11 18 2 6 39 15 12 16 2 11 14 6 3 12 7 15 5 6 14 25 4 2 2 5 38
 58 15 21 2 12 6 3 5 6 15 14 14 23 2 6 31 18 2 4 2 6 2 7 13 11 28 6 25 3 11 2 16 8 4 15 2 14 6 31 2 4 2 5 73 11 6 14 18 8 31 15 5 16 6 31 15 11 18 6 11 18 2 6 39 15 12 16 2 11 6 71 15 14 15 33 15 10 15 11 28 6 32 2 3 11 23 4 2 6 12 4 8 13 12 8 31 5 38
 24 28 5 25 18 4 8 5 15 61 2 12 6 14 23 13 13 8 4 11 2 12 6 14 18 8 4 11 25 8 12 2 14 6 8 5 6 3 6 14 15 11 2 38
 24 2 11 6 3 6 12 2 32 3 23 10 11 6 11 15 7 2 6 10 15 7 15 11 6 8 32 6 76 67 6 14 2 25 8 5 12 14 6 31 18 2 5 6 14 2 5 12 15 5 16 6 14 28 5 25 6 4 2 22 23 2 14 11 14 6 27 15 3 6 35 4 8 5 38
 24 15 11 2 6 62 25 8 5 14 6 5 8 31 6 12 15 14 13 10 3 28 6 8 5 6 11 18 2 6 39 8 4 12 50 4 2 14 14 38 25 8 7 6 14 15 11 2 6 7 3 5 3 16 2 7 2 5 11 6 15 5 11 2 4 32 3 25 2 38
 35 8 5 32 15 4 7 2 12 6 62 5 14 11 3 16 4 3 7 6 2 7 33 2 12 14 6 3 25 11 23 3 10 10 28 6 10 8 3 12 6 31 18 2 5 6 23 14 15 5 16 6 62 5 32 15 5 15 11 2 6 24 25 4 8 10 10 38
 58 15 21 2 12 6 3 6 9 2 35 3 13 11 25 18 3 6 2 4 4 8 4 6 8 5 6 11 18 2 6 26 7 3 15 10 6 14 18 3 4 15 5 16 6 33 23 11 11 8 5 38
 52 2 32 8 4 2 6 5 8 31 6 28 8 23 6 31 2 4 2 5 73 11 6 3 33 10 2 6 11 8 6 25 4 2 3 11 2 6 3 6 25 18 15 10 12 6 25 3 11 2 16 8 4 28 6 32 4 8 7 6 39 8 4 12 50 4 2 14 14 38 25 8 7 38 6 20 8 31 6 28 8 23 6 25 3 5 47
 1 8 5 16 6 11 15 11 10 2 14 6 15 5 6 37 2 11 13 3 25 29 6 31 15 12 16 2 11 14 6 31 2 4 2 5 73 11 6 10 8 8 29 15 5 16 6 14 8 6 16 4 2 3 11 30 6 14 8 6 31 2 6 25 10 2 3 5 2 12 6 11 18 2 7 6 23 13 38
 9 2 7 8 27 2 12 6 3 6 12 2 13 4 2 25 3 11 2 12 6 32 23 5 25 11 15 8 5 6 11 8 6 13 4 2 27 2 5 11 6 5 8 11 15 25 2 14 6 31 18 2 5 6 23 14 15 5 16 6 62 5 32 15 5 15 11 2 6 24 25 4 8 10 10 6 15 5 6 11 18 2 6 35 23 14 11 8 7 15 61 2 4 38
 26 10 15 7 15 5 3 11 2 12 6 3 6 50 72 50 6 20 8 11 15 25 2 6 31 18 2 5 6 4 23 5 5 15 5 16 6 11 18 2 6 35 1 62 6 41 25 8 12 2 45 31 13 6 74 2 11 13 3 25 29 41 46 25 8 12 2 45 6 25 8 7 7 3 5 12 38
 36 8 23 73 10 10 6 5 8 11 15 25 2 6 5 23 7 2 4 8 23 14 6 12 2 14 15 16 5 6 15 7 13 4 8 27 2 7 2 5 11 14 6 11 8 6 11 18 2 6 37 2 11 13 3 25 29 6 63 62 38
 53 12 12 2 12 6 3 5 12 6 15 7 13 4 8 27 2 12 6 3 6 32 2 31 6 14 18 8 4 11 25 8 12 2 14 38
 62 7 13 4 8 27 2 12 6 11 18 2 6 58 3 25 2 33 8 8 29 6 39 15 12 16 2 11 6 11 8 6 3 27 8 15 12 6 25 8 5 32 23 14 15 8 5 6 31 18 2 5 6 2 12 15 11 15 5 16 6 31 15 12 11 18 6 3 5 12 6 18 2 15 16 18 11 6 14 2 11 11 15 5 16 14 38
 9 62 50 6 33 10 15 13 38 11 27 6 54 6 31 2 73 27 2 6 4 2 7 8 27 2 12 6 28 8 23 4 6 14 18 8 4 11 25 8 12 2 38
 63 14 2 6 41 25 8 12 2 45 14 28 5 25 41 46 25 8 12 2 45 6 25 8 7 7 3 5 12 14 6 15 5 6 37 2 11 13 3 25 29 73 14 6 39 50 6 35 1 62 38
 41 14 11 4 8 5 16 45 35 8 7 13 3 11 15 33 15 10 15 11 28 6 25 18 3 5 16 2 14 41 46 14 11 4 8 5 16 45
 34 18 15 14 6 4 2 10 2 3 14 2 6 15 7 13 4 8 27 2 14 6 37 2 11 13 3 25 29 6 25 8 7 13 3 11 15 33 15 10 15 11 28 6 31 15 11 18 6 39 8 4 12 50 4 2 14 14 6 81 38 80 38
 24 28 5 25 49 6 25 10 2 3 4 2 12 6 8 23 11 6 23 5 5 2 2 12 2 12 6 14 25 18 2 12 23 10 2 12 6 74 8 33 14 38
 24 28 5 25 49 6 5 8 31 6 7 3 29 15 5 16 6 14 23 4 2 6 11 18 3 11 6 5 2 2 12 2 12 6 25 10 3 14 14 2 14 6 3 4 2 6 10 8 3 12 2 12 30 6 13 4 2 27 2 5 11 15 5 16 6 2 4 4 8 4 14 38
 53 12 7 15 5 49 6 7 3 12 2 6 53 11 6 3 6 59 10 3 5 25 2 6 13 3 16 2 6 31 8 4 29 6 5 15 25 2 10 28 6 31 18 2 5 6 11 18 2 4 2 6 15 14 6 5 8 6 33 3 25 29 23 13 6 12 3 11 3 6 28 2 11 38
 53 12 7 15 5 49 6 7 3 12 2 6 14 23 4 2 6 18 2 10 13 6 11 3 33 14 6 3 4 2 6 5 8 11 6 33 2 15 5 16 6 18 15 12 12 2 5 38
 58 2 3 11 23 4 2 12 6 35 8 5 11 2 5 11 49 6 7 3 12 2 6 14 23 4 2 6 11 18 2 4 2 6 15 14 6 5 8 6 15 5 32 15 5 15 11 2 6 10 8 8 13 6 31 18 2 5 6 4 2 7 8 27 15 5 16 6 11 18 2 6 32 2 3 11 23 4 2 12 6 11 3 16 6 32 4 8 7 6 11 18 2 6 11 3 16 6 10 15 14 11 38
 24 28 5 25 49 6 15 7 13 4 8 27 2 12 6 25 8 7 13 3 11 15 33 15 10 15 11 28 6 31 15 11 18 6 11 18 2 6 31 13 51 7 15 14 14 2 12 51 14 25 18 2 12 23 10 2 6 13 10 23 16 15 5 38
 35 23 14 11 8 7 6 35 24 24 49 6 64 3 12 2 6 11 18 2 6 35 23 14 11 8 7 6 35 24 24 6 32 2 3 11 23 4 2 6 8 32 6 37 2 11 13 3 25 29 6 25 8 7 13 3 11 15 33 10 2 6 31 15 11 18 6 11 18 2 6 35 24 24 6 35 23 14 11 8 7 15 61 2 4 6 2 12 15 11 8 4 6 15 5 6 39 8 4 12 50 4 2 14 14 6 81 38 80 38
 41 14 11 4 8 5 16 45 52 23 16 6 58 15 21 2 14 41 46 14 11 4 8 5 16 45
 58 15 21 2 12 6 3 5 6 15 14 14 23 2 6 31 18 2 4 2 6 23 14 2 4 14 6 8 5 6 3 6 37 2 11 13 3 25 29 6 50 4 8 32 2 14 14 15 8 5 3 10 6 13 10 3 5 6 31 18 8 6 31 2 4 2 6 13 3 28 15 5 16 6 7 8 5 11 18 10 28 6 69 3 14 6 8 13 13 8 14 2 12 6 11 8 6 3 5 5 23 3 10 10 28 70 6 31 8 23 10 12 5 57 11 6 33 2 6 3 33 10 2 6 11 8 6 2 5 3 33 10 2 6 24 26 82 6 34 8 8 10 14 38
 58 15 21 2 12 6 3 5 6 15 14 14 23 2 6 31 18 2 4 2 6 14 8 7 2 6 23 14 2 4 14 6 31 15 11 18 6 14 10 8 31 2 4 6 14 2 4 27 2 4 14 6 31 8 23 10 12 6 16 2 11 6 3 5 6 2 4 4 8 4 6 8 5 6 11 18 2 6 37 2 11 13 3 25 29 6 12 3 14 18 33 8 3 4 12 6 31 18 2 5 6 41 25 8 12 2 45 39 50 55 56 26 52 63 59 41 46 25 8 12 2 45 6 31 3 14 6 2 5 3 33 10 2 12 38
 71 3 4 15 8 23 14 6 7 15 5 8 4 6 13 2 4 32 8 4 7 3 5 25 2 46 25 8 7 13 3 11 15 33 15 10 15 11 28 6 32 15 21 2 14 38
 64 8 27 2 6 2 7 3 15 10 6 5 8 11 15 32 15 25 3 11 15 8 5 6 14 2 11 11 15 5 16 14 6 33 3 25 29 6 31 15 11 18 6 11 18 2 6 8 11 18 2 4 6 2 7 3 15 10 6 14 2 11 11 15 5 16 14 6 15 5 6 11 18 2 6 56 15 14 25 23 14 14 15 8 5 6 24 2 11 11 15 5 16 14 38
 62 7 13 4 8 27 2 12 6 25 8 7 13 3 11 15 33 15 10 15 11 28 6 33 2 11 31 2 2 5 6 62 5 32 15 5 15 11 2 6 24 25 4 8 10 10 6 3 5 12 6 39 50 64 1 38
 58 15 21 2 12 6 10 15 5 29 6 11 8 6 53 29 15 14 7 2 11 6 14 2 11 11 15 5 16 14 38
 39 2 73 27 2 6 7 3 12 2 6 5 23 7 2 4 8 23 14 6 15 7 13 4 8 27 2 7 2 5 11 14 6 11 8 6 11 18 2 6 12 3 11 3 6 14 28 5 25 6 13 4 8 25 2 14 14 38
 39 2 73 27 2 6 3 12 12 2 12 6 3 6 5 2 31 6 32 2 3 11 23 4 2 49 6 24 26 82 6 34 8 8 10 14 30 6 3 27 3 15 10 3 33 10 2 6 11 8 6 37 2 11 13 3 25 29 6 50 4 8 32 2 14 14 15 8 5 3 10 6 14 23 33 14 25 4 15 33 2 4 14 38 6 36 8 23 6 25 3 5 6 4 2 3 12 6 7 8 4 2 6 3 33 8 23 11 6 8 23 4 6 13 10 3 5 14 6 18 2 4 2 49 6 18 11 11 13 14 49 46 46 74 2 11 13 3 25 29 38 25 8 7 46 32 2 3 11 23 4 2 14 46
 39 2 6 5 8 31 6 3 10 10 8 31 6 28 8 23 6 11 8 6 2 7 33 2 12 6 13 15 5 14 30 6 33 8 3 4 12 14 6 3 5 12 6 13 4 8 32 15 10 2 14 6 32 4 8 7 6 50 15 5 11 2 4 2 14 11 38
 34 18 2 4 2 6 3 4 2 6 5 8 31 6 18 2 10 13 32 23 10 6 18 15 5 11 14 6 11 18 4 8 23 16 18 8 23 11 6 11 18 2 6 3 12 7 15 5 6 15 5 11 2 4 32 3 25 2 6 11 8 6 7 3 29 2 6 37 2 11 13 3 25 29 6 2 3 14 15 2 4 6 11 8 6 23 14 2 38
 50 18 8 11 8 5 6 5 8 31 6 23 14 2 14 6 72 34 34 50 24 6 33 28 6 12 2 32 3 23 10 11 38 6 24 2 25 23 4 2 6 3 10 10 6 11 18 2 6 11 18 15 5 16 14 47
 82 5 2 6 8 32 6 11 18 2 6 33 15 16 16 2 14 11 6 15 14 14 23 2 14 6 32 3 25 15 5 16 6 37 2 11 13 3 25 29 6 23 14 2 4 14 6 32 8 4 6 28 2 3 4 14 6 5 8 31 6 18 3 14 6 33 2 2 5 6 12 15 32 32 15 25 23 10 11 15 2 14 6 15 5 6 7 8 27 15 5 16 6 14 15 11 2 14 6 32 4 8 7 6 8 5 2 6 12 8 7 3 15 5 6 5 3 7 2 6 11 8 6 3 5 8 11 18 2 4 38 6 34 18 15 14 6 23 13 12 3 11 2 6 7 3 29 2 14 6 14 11 4 15 12 2 14 6 11 8 31 3 4 12 14 6 15 7 13 4 8 27 15 5 16 6 11 18 3 11 6 13 4 8 25 2 14 14 38
 20 2 31 6 31 15 12 16 2 11 49 6 43 64 28 6 35 8 7 7 23 5 15 11 28 43 6 31 18 2 4 2 6 28 8 23 6 25 3 5 6 14 2 2 6 31 18 8 6 4 2 25 2 5 11 10 28 6 15 5 11 2 4 3 25 11 2 12 6 31 15 11 18 6 28 8 23 4 6 14 15 11 2 38
 20 2 31 6 31 15 12 16 2 11 49 6 43 59 8 8 16 10 2 6 34 4 3 5 14 10 3 11 2 43 6 11 8 6 3 10 10 8 31 6 23 14 2 4 14 6 11 8 6 11 4 3 5 14 10 3 11 2 6 28 8 23 4 6 14 15 11 2 6 15 5 11 8 6 11 18 2 15 4 6 8 31 5 6 10 3 5 16 23 3 16 2 38
 34 31 2 10 27 2 6 5 2 31 6 32 15 10 11 2 4 14 6 11 8 6 7 3 29 2 6 37 2 11 13 3 25 29 6 7 8 4 2 6 2 21 11 2 5 14 15 33 10 2 47 6 6 24 2 2 49 6 18 11 11 13 49 46 46 31 13 38 7 2 46 13 65 7 8 34 28 51 76 58 26 38
 20 2 31 6 2 5 12 13 8 15 5 11 14 6 18 3 27 2 6 33 2 2 5 6 3 12 12 2 12 6 11 8 6 3 10 10 8 31 6 11 18 2 6 15 5 14 11 3 10 10 3 11 15 8 5 6 8 32 6 13 10 23 16 15 5 6 3 5 12 6 11 18 2 7 2 6 61 15 13 6 32 15 10 2 14 6 27 15 3 6 11 18 2 6 53 50 62 38
 64 3 5 28 6 8 32 6 11 18 2 6 14 25 4 2 2 5 14 18 8 11 14 6 11 18 4 8 23 16 18 8 23 11 6 11 18 2 6 13 10 23 16 15 5 6 18 3 27 2 6 33 2 2 5 6 4 2 13 10 3 25 2 12 6 33 28 6 24 71 59 14 6 15 5 6 8 4 12 2 4 6 11 8 6 7 3 29 2 6 37 2 11 13 3 25 29 6 14 7 3 10 10 2 4 38
 35 23 14 11 8 7 6 13 8 14 11 6 11 28 13 2 14 6 18 3 27 2 6 33 2 2 5 6 3 12 12 2 12 6 11 8 6 11 18 2 6 39 50 6 9 26 24 34 6 53 50 62 6 8 23 11 13 23 11 38
 53 12 12 15 11 15 8 5 3 10 6 23 5 15 11 6 11 2 14 11 14 6 18 3 27 2 6 33 2 2 5 6 3 12 12 2 12 6 11 8 6 15 7 13 4 8 27 2 6 37 2 11 13 3 25 29 73 14 6 12 2 27 2 10 8 13 7 2 5 11 6 13 4 8 25 2 14 14 6 3 5 12 6 14 11 3 33 15 10 15 11 28 38
 9 2 10 2 3 14 2 6 13 8 14 11 49 6 18 11 11 13 49 46 46 31 13 38 7 2 46 13 65 7 8 34 28 51 76 37 9
 41 14 11 4 8 5 16 45 26 5 18 3 5 25 2 7 2 5 11 14 41 46 14 11 4 8 5 16 45
 39 15 11 18 6 14 18 8 4 11 25 8 12 2 14 6 31 2 6 5 8 31 6 4 2 11 23 4 5 6 2 3 4 10 28 6 32 4 8 7 6 13 4 8 25 2 14 14 15 5 16 6 11 18 2 7 6 15 32 6 5 8 6 14 11 4 15 5 16 6 15 14 6 13 3 14 14 2 12 30 6 3 14 6 11 18 2 28 6 3 4 2 6 4 2 22 23 15 4 2 12 38
 39 2 6 4 2 7 8 27 2 12 6 11 18 2 6 32 8 4 7 6 10 2 16 2 5 12 6 32 8 4 6 12 2 32 3 23 10 11 6 34 15 10 2 12 6 59 3 10 10 2 4 28 6 14 2 11 11 15 5 16 14 6 3 14 6 15 11 6 12 8 2 14 5 73 11 6 4 2 10 3 11 2 38
 39 2 6 31 2 4 2 5 73 11 6 33 23 15 10 12 15 5 16 6 35 50 34 6 10 15 5 29 14 6 25 8 4 4 2 25 11 10 28 6 4 2 14 23 10 11 15 5 16 6 15 5 6 33 3 12 6 5 3 27 15 16 3 11 15 8 5 30 6 31 18 15 25 18 6 15 14 6 5 8 31 6 32 15 21 2 12 38
 34 18 2 6 34 8 13 6 50 8 14 11 14 6 31 15 12 16 2 11 6 5 8 31 6 15 5 25 10 23 12 2 14 6 11 18 2 6 3 33 15 10 15 11 28 6 11 8 6 10 15 14 11 6 3 11 11 3 25 18 7 2 5 11 6 69 7 2 12 15 3 70 6 13 3 16 2 14 38
 34 18 2 4 2 6 31 3 14 6 3 6 37 3 27 3 24 25 4 15 13 11 6 2 5 22 23 2 23 15 5 16 6 2 4 4 8 4 6 31 15 11 18 6 8 23 4 6 24 18 3 4 15 5 16 6 32 2 3 11 23 4 2 6 11 18 3 11 6 18 3 14 6 33 2 2 5 6 4 2 13 3 15 4 2 12 38
 39 2 73 4 2 6 5 8 31 6 14 2 5 12 15 5 16 6 32 23 10 10 6 3 5 12 6 15 5 25 4 2 7 2 5 11 3 10 6 22 23 2 23 2 14 6 14 2 13 3 4 3 11 2 10 28 6 14 8 6 11 18 3 11 6 3 6 32 3 15 10 23 4 2 6 15 5 6 8 5 2 6 12 8 2 14 5 73 11 6 33 10 8 25 29 6 11 18 2 6 8 11 18 2 4 38
 24 28 5 25 6 31 3 14 6 4 23 5 5 15 5 16 6 15 5 11 8 6 15 14 14 23 2 14 6 14 8 6 31 2 73 27 2 6 10 15 7 15 11 2 12 6 12 2 22 23 2 23 2 6 11 15 7 2 6 11 8 6 65 46 76 6 8 32 6 50 72 50 73 14 6 7 3 21 6 2 21 2 25 23 11 15 8 5 6 11 15 7 2 30 6 31 18 15 25 18 6 18 3 14 6 23 5 25 10 8 16 16 2 12 6 11 18 2 6 13 4 8 33 10 2 7 38
 39 2 73 27 2 6 3 12 12 2 12 6 64 8 4 8 25 25 3 5 6 53 4 3 33 15 25 6 11 4 3 5 14 10 3 11 15 8 5 14 30 6 3 5 12 6 14 31 15 11 25 18 2 12 6 11 8 6 10 3 5 16 23 3 16 2 6 13 3 25 29 14 6 32 8 4 6 35 4 8 3 11 15 3 5 30 6 24 13 3 5 15 14 18 6 69 35 18 15 10 2 70 6 3 5 12 6 59 4 2 2 29 38
 39 2 6 4 2 7 8 27 2 12 6 14 8 7 2 6 31 3 4 5 15 5 16 14 6 11 18 3 11 6 31 2 4 2 6 8 25 25 23 4 4 15 5 16 6 31 18 2 5 6 11 4 3 5 14 10 3 11 15 8 5 14 6 12 15 12 5 73 11 6 2 21 15 14 11 6 33 28 6 3 12 12 15 5 16 6 3 6 32 3 10 10 33 3 25 29 38
 24 8 7 2 6 13 10 23 16 15 5 14 6 31 2 4 2 6 3 12 12 15 5 16 6 25 8 5 11 2 5 11 6 8 5 6 8 23 11 33 8 23 5 12 6 18 11 11 13 6 4 2 22 23 2 14 11 14 6 25 3 23 14 15 5 16 6 3 5 6 15 5 32 15 5 15 11 2 6 10 8 8 13 6 31 2 6 32 15 21 2 12 6 11 18 15 14 6 4 15 16 18 11 6 23 13 38
 34 18 2 6 13 2 4 7 15 14 14 15 8 5 14 6 25 18 2 25 29 6 32 8 4 6 13 10 23 16 15 5 6 15 5 32 8 4 7 3 11 15 8 5 6 4 2 11 4 15 2 27 3 10 6 31 3 14 6 32 15 21 2 12 6 3 14 6 31 2 10 10 38
 34 18 2 6 25 8 4 4 2 25 11 6 14 23 13 13 8 4 11 6 10 15 5 29 6 15 14 6 5 8 31 6 33 2 15 5 16 6 23 14 2 12 6 11 8 6 7 3 29 2 6 15 11 6 2 3 14 15 2 4 6 32 8 4 6 28 8 23 6 11 8 6 25 8 5 5 2 25 11 6 31 15 11 18 6 11 18 2 6 37 2 11 13 3 25 29 6 11 2 3 7 6 15 32 6 28 8 23 6 5 2 2 12 6 23 14 38
 39 2 6 32 8 23 5 12 6 3 5 6 23 5 23 14 2 12 6 8 13 11 15 8 5 6 15 5 6 59 4 3 27 3 11 3 4 6 72 8 27 2 4 25 3 4 12 6 14 2 11 11 15 5 16 14 6 3 5 12 6 4 2 7 8 27 2 12 6 15 11 38
 39 2 6 4 2 7 8 27 2 12 6 50 72 50 6 31 3 4 5 15 5 16 14 6 33 28 6 25 18 2 25 29 15 5 16 6 11 8 6 7 3 29 2 6 14 23 4 2 6 74 14 8 5 6 10 3 5 16 23 3 16 2 6 32 15 10 2 14 6 10 15 29 2 6 74 2 11 13 3 25 29 51 2 5 55 63 24 38 74 14 8 5 6 3 4 2 6 4 2 3 12 3 33 10 2 6 33 2 32 8 4 2 6 31 2 6 10 8 3 12 6 11 18 2 7 38
 24 2 27 2 4 3 10 6 32 15 21 2 14 6 18 3 27 2 6 33 2 2 5 6 7 3 12 2 6 11 8 6 14 28 5 25 6 11 8 6 4 2 13 3 15 4 6 15 14 14 23 2 14 6 31 15 11 18 6 50 23 33 10 15 25 15 61 2 30 6 20 8 11 15 32 15 25 3 11 15 8 5 14 30 6 3 5 12 6 24 23 33 14 25 4 15 13 11 15 8 5 14 38
 39 2 73 27 2 6 15 7 13 4 8 27 2 12 6 25 8 7 13 3 11 15 33 15 10 15 11 28 6 31 15 11 18 6 90 15 5 14 11 3 6 33 28 6 3 23 11 8 7 3 11 15 25 3 10 10 28 6 11 23 4 5 15 5 16 6 8 5 6 24 11 3 16 15 5 16 6 64 8 12 2 6 32 8 4 6 37 2 11 13 3 25 29 6 31 18 2 5 6 15 5 6 3 6 14 11 3 16 15 5 16 6 2 5 27 15 4 8 5 7 2 5 11 38
 64 3 4 29 12 8 31 5 6 5 8 31 6 18 3 14 6 3 6 35 24 24 6 25 10 3 14 14 6 8 5 6 32 8 8 11 5 8 11 2 14 38
 34 18 2 4 2 6 31 2 4 2 6 14 2 27 2 4 3 10 6 15 7 13 4 8 27 2 7 2 5 11 14 6 3 5 12 6 4 2 13 3 15 4 14 6 7 3 12 2 6 11 8 6 14 28 5 25 6 15 5 25 10 23 12 15 5 16 6 3 12 12 15 11 15 8 5 3 10 6 2 5 12 13 8 15 5 11 14 30 6 13 2 4 32 8 4 7 3 5 25 2 6 2 5 18 3 5 25 2 7 2 5 11 14 30 6 31 18 15 11 2 10 15 14 11 2 12 6 12 3 11 3 30 6 33 2 11 11 2 4 6 12 2 25 15 14 15 8 5 6 7 3 29 15 5 16 6 3 4 8 23 5 12 6 31 18 2 5 6 11 8 6 14 28 5 25 6 15 5 32 8 4 7 3 11 15 8 5 30 6 3 5 12 6 7 8 4 2 38
 24 11 3 11 14 6 3 4 2 6 5 8 31 6 4 2 14 13 8 5 12 15 5 16 6 32 3 14 11 2 4 38
 39 2 73 27 2 6 14 11 8 13 13 2 12 6 25 8 23 5 11 15 5 16 6 25 3 4 8 23 14 2 10 6 27 15 2 31 14 6 15 5 6 14 11 3 11 14 6 33 28 6 12 2 32 3 23 10 11 30 6 28 8 23 6 25 3 5 6 23 14 2 6 11 18 2 6 41 25 8 12 2 45 74 2 11 13 3 25 29 55 2 5 3 33 10 2 55 25 3 4 8 23 14 2 10 55 14 11 3 11 14 41 46 25 8 12 2 45 6 32 15 10 11 2 4 6 11 8 6 2 5 3 33 10 2 6 25 8 23 5 11 15 5 16 6 11 18 2 7 6 3 16 3 15 5 38
 63 5 14 3 27 2 12 6 25 18 3 5 16 2 14 6 31 2 4 2 6 16 2 11 11 15 5 16 6 10 8 14 11 6 31 18 2 5 6 23 14 2 4 14 6 31 2 4 2 6 5 3 27 15 16 3 11 15 5 16 6 3 31 3 28 6 32 4 8 7 6 14 2 11 11 15 5 16 14 6 14 8 6 31 2 6 13 23 11 6 15 5 6 3 6 25 8 5 32 15 4 7 3 11 15 8 5 6 7 2 14 14 3 16 2 6 11 8 6 13 4 2 27 2 5 11 6 11 18 15 14 6 32 4 8 7 6 18 3 13 13 2 5 15 5 16 38
 41 14 11 4 8 5 16 45 64 3 74 8 4 6 26 5 18 3 5 25 2 7 2 5 11 14 41 46 14 11 4 8 5 16 45
 41 14 11 4 8 5 16 45 52 23 16 6 58 15 21 2 14 49 41 46 14 11 4 8 5 16 45
 41 14 11 4 8 5 16 45 62 7 13 4 8 27 2 12 6 35 8 7 13 3 11 15 33 15 10 15 11 28 49 41 46 14 11 4 8 5 16 45
 9 2 10 2 3 14 2 6 13 8 14 11 49 6 18 11 11 13 49 46 46 31 13 38 7 2 46 13 65 7 8 34 28 51 76 58 26
 9 2 10 2 3 14 2 6 12 3 11 2 49 6 20 8 27 2 7 33 2 4 6 66 66 30 6 66 67 65 91
 9 2 10 2 3 14 2 6 12 3 11 2 49 6 56 2 25 2 7 33 2 4 6 91 30 6 66 67 65 91
 9 2 10 2 3 14 2 6 12 3 11 2 49 6 82 25 11 8 33 2 4 6 65 76 30 6 66 67 65 91
 9 2 10 2 3 14 2 6 12 3 11 2 49 6 20 8 27 2 7 33 2 4 6 66 65 30 6 66 67 65 91
 9 2 10 2 3 14 2 6 12 3 11 2 49 6 37 3 5 23 3 4 28 6 65 80 30 6 66 67 65 80
 9 2 10 2 3 14 2 6 12 3 11 2 49 6 58 2 33 4 23 3 4 28 6 80 30 6 66 67 65 80
 9 2 10 2 3 14 2 6 12 3 11 2 49 6 53 13 4 15 10 6 68 11 18 30 6 66 67 65 80
 9 2 10 2 3 14 2 6 12 3 11 2 49 6 64 3 4 25 18 6 65 81 11 18 30 6 66 67 65 80
 9 2 10 2 3 14 2 6 12 3 11 2 49 6 64 3 4 25 18 6 80 11 18 30 6 66 67 65 80
 9 2 10 2 3 14 2 6 12 3 11 2 49 6 53 13 4 15 10 6 81 11 18 30 6 66 67 65 80
