 1 18 31 8 9 11 4 18 19 4 4 26 15 75 4 17 18 4 16 27 4 58 8 9 17 54 9 18 3 3 55 4 15 3 12 9 13 36 18 4 10 18 31 8 9 4 12 8 6 16 18 6 13 17 8 4 52 4 12 8 6 3 13 21 27 18 4 27 6 4 3 13 16 13 8 4 58 8 9 17 54 9 18 3 3 4 12 8 10 24 19 18 16 11 10 18 6 16 18 4 8 24 16 13 10 13 32 11 17 8 4 27 3 11 6 17 8 4 18 19 4 24 19 27 21 13 6 4 83 8 11 3 16 4 26 15 75 40
 83 8 11 3 16 4 26 15 75
 26 8 19 27 12 13 8 6 11 4 27 6 4 24 9 8 36 19 18 10 11 4 17 18 4 16 13 24 8 21 9 11 7 33 11 4 18 6 4 9 18 11 17 10 18 40 16 43 16 34 4 21 9 11 12 13 11 3 4 46 11 4 23 9 18 7 47 48 23 16 16 24 3 55 51 51 21 13 16 23 27 36 40 12 8 10 51 9 11 52 9 27 16 31 18 3 48 50 67 11 52 10 8 6 17 4 67 27 16 31 18 3 46 51 11 50
 26 8 19 27 12 13 8 6 11 4 27 6 4 24 9 8 36 19 18 10 11 4 17 18 4 9 18 6 17 13 10 13 18 6 16 8 4 9 18 19 11 12 13 8 6 11 17 8 4 12 8 6 4 18 19 4 12 2 19 12 27 19 8 4 17 18 19 4 12 8 6 16 11 17 8 9 4 17 18 4 18 6 19 11 12 18 3 4 17 18 4 16 18 43 16 8 4 11 19 4 21 27 11 9 17 11 9 4 27 6 11 4 18 6 16 9 11 17 11 40
 26 8 19 27 12 13 8 6 11 4 27 6 4 7 11 19 19 8 4 24 8 9 4 18 19 4 28 27 18 4 46 12 8 17 18 50 9 18 10 8 35 18 59 10 18 16 11 59 13 7 59 17 18 7 11 27 19 16 46 51 12 8 17 18 50 4 52 4 46 12 8 17 18 50 17 8 6 16 59 3 11 35 18 59 10 18 16 11 59 13 7 59 17 18 7 11 27 19 16 46 51 12 8 17 18 50 4 6 8 4 17 18 35 27 18 19 35 18 4 27 6 4 35 11 19 8 9 4 13 6 16 9 8 17 27 12 13 17 8 4 17 11 17 8 4 12 8 10 8 4 35 11 19 8 9 4 24 8 9 4 17 18 7 18 12 16 8 40
 1 18 31 8 9 11 4 19 8 3 4 11 35 11 16 11 9 18 3 4 18 6 4 19 11 4 24 2 21 13 6 11 4 17 18 4 11 21 9 11 17 18 12 13 10 13 18 6 16 8 3 34 4 21 9 11 12 13 11 3 4 46 11 4 23 9 18 7 47 48 23 16 16 24 3 55 51 51 21 13 16 23 27 36 40 12 8 10 51 10 13 39 18 17 18 23 11 9 16 48 50 1 13 39 18 4 30 18 76 11 9 16 46 51 11 50
 65 60 11 17 18 4 27 6 11 4 12 11 36 18 12 18 9 11 4 3 18 12 27 6 17 11 9 13 11 4 18 6 4 18 19 4 18 3 12 9 13 16 8 9 13 8 4 17 18 4 11 35 13 3 8 3 4 24 11 9 11 4 3 13 10 24 19 13 7 13 12 11 9 4 19 11 4 35 13 3 27 11 19 13 32 11 12 13 14 6 4 17 18 4 19 8 3 4 24 9 8 36 19 18 10 11 3 4 52 4 18 9 9 8 9 18 3 4 3 13 19 18 6 12 13 11 17 8 3 40
 20 11 10 36 13 11 4 11 4 13 12 8 6 8 3 4 19 8 3 4 16 33 16 27 19 8 3 4 17 18 4 12 8 19 27 10 6 11 4 18 6 4 19 11 4 16 11 36 19 11 4 17 18 4 19 11 4 19 13 3 16 11 4 17 18 4 16 11 43 8 6 8 10 33 11 3 40
 65 60 11 17 18 4 12 8 10 24 11 16 13 36 13 19 13 17 11 17 4 12 8 6 4 10 11 24 11 3 4 17 18 19 4 3 13 16 13 8 4 17 18 4 8 16 9 8 3 4 3 18 9 35 13 12 13 8 3 4 24 11 9 11 4 28 27 18 4 24 27 18 17 11 6 4 9 18 21 13 3 16 9 11 9 3 18 4 52 4 27 16 13 19 13 32 11 9 3 18 40
 65 60 11 17 18 4 27 6 11 4 13 6 12 13 16 11 12 13 14 6 4 11 4 24 9 8 36 11 9 4 58 8 9 17 54 9 18 3 3 4 26 15 75 4 54 9 18 10 13 27 10 4 18 6 4 19 11 3 4 24 18 3 16 11 60 11 3 4 3 8 12 13 11 19 18 3 40
 65 60 11 17 18 4 27 6 11 4 12 11 31 11 4 17 18 4 13 6 12 13 16 11 12 13 14 6 4 11 4 24 9 8 36 11 9 4 58 8 9 17 54 9 18 3 3 4 26 15 75 4 54 9 18 10 13 27 10 4 18 6 4 19 11 3 4 24 2 21 13 6 11 3 4 17 18 4 11 31 27 3 16 18 3 4 17 18 4 83 8 11 3 16 4 26 15 75 40
 1 18 31 8 9 11 4 19 11 4 19 18 21 13 36 13 19 13 17 11 17 4 24 11 9 11 4 19 8 3 4 13 17 13 8 10 11 3 4 17 11 6 44 3 34 4 13 6 21 19 44 3 34 4 7 9 11 6 12 44 3 34 4 11 19 18 10 2 6 34 4 13 16 11 19 13 11 6 8 4 52 4 18 3 24 11 60 8 19 40
 65 60 11 17 18 4 12 8 10 24 11 16 13 36 13 19 13 17 11 17 4 12 8 6 4 19 11 4 13 10 24 8 9 16 11 12 13 14 6 4 17 18 4 17 11 16 8 3 4 17 18 4 38 18 16 24 11 12 39 4 26 15 75 40
 65 60 11 17 18 4 13 17 18 6 16 13 7 13 12 11 17 8 9 18 3 4 17 18 4 16 13 24 8 4 17 18 4 12 8 6 16 18 6 13 17 8 4 52 4 16 11 43 8 6 8 10 33 11 4 18 6 4 19 11 4 24 18 3 16 11 60 11 4 17 18 4 11 31 27 3 16 18 3 4 17 18 4 16 33 16 27 19 8 3 4 52 4 10 18 16 11 3 40
 26 8 19 27 12 13 8 6 11 4 27 6 4 18 9 9 8 9 4 24 8 9 4 18 19 4 28 27 18 4 19 11 3 4 12 8 19 27 10 6 11 3 4 17 18 4 18 6 19 11 12 18 3 4 24 8 17 9 33 11 6 4 17 18 3 11 24 11 9 18 12 18 9 4 17 18 3 24 27 44 3 4 17 18 4 19 11 4 18 17 13 12 13 14 6 4 9 2 24 13 17 11 4 17 18 4 27 6 11 4 18 6 16 9 11 17 11 40
 26 8 19 27 12 13 8 6 11 4 27 6 4 24 9 8 36 19 18 10 11 4 17 18 4 12 8 10 24 11 16 13 36 13 19 13 17 11 17 4 12 8 6 4 58 8 9 17 54 9 18 3 3 4 84 40 99 40
 65 60 11 17 18 4 27 6 4 11 19 16 18 9 6 11 17 8 9 4 17 18 4 12 11 9 11 12 16 18 9 33 3 16 13 12 11 3 4 24 11 9 11 4 17 18 3 11 12 16 13 35 11 9 4 19 11 4 23 18 9 9 11 10 13 18 6 16 11 4 17 18 19 4 12 8 6 16 11 17 8 9 4 17 18 4 18 6 19 11 12 18 3 4 52 4 19 11 3 4 12 8 19 27 10 6 11 3 4 17 18 4 18 6 19 11 12 18 3 40
 26 8 19 8 4 12 11 9 21 11 4 18 19 4 24 8 19 52 7 13 19 19 4 17 18 4 36 11 36 18 19 4 3 13 4 6 8 4 19 8 4 23 11 4 12 11 9 21 11 17 8 4 52 11 4 8 16 9 8 4 24 19 27 21 13 6 40
 26 8 19 27 12 13 8 6 11 4 27 6 4 18 9 9 8 9 4 7 11 16 11 19 4 28 27 18 4 24 8 17 33 11 4 8 12 27 9 9 13 9 4 11 19 4 16 9 11 16 11 9 4 17 18 4 21 27 11 9 17 11 9 4 27 6 11 4 18 6 16 9 11 17 11 4 28 27 18 4 16 27 35 13 18 3 18 4 18 16 13 28 27 18 16 11 3 4 46 12 8 17 18 50 22 19 16 25 11 22 21 16 25 46 51 12 8 17 18 50 57 4 12 8 6 4 87 67 61 3 4 6 8 4 35 2 19 13 17 11 3 40
 65 60 11 17 18 4 27 6 4 36 11 6 6 18 9 4 24 11 9 11 4 18 19 4 12 27 9 3 8 4 17 18 4 17 11 16 8 3 4 18 3 16 9 27 12 16 27 9 11 17 8 3 40
 20 27 11 6 17 8 4 23 11 52 4 18 6 16 9 11 17 11 3 4 8 4 24 2 21 13 6 11 4 28 27 18 4 13 6 17 18 43 11 9 4 3 18 4 10 8 3 16 9 11 9 2 4 27 6 4 11 35 13 3 8 40
 5 6 16 9 8 17 27 12 18 4 27 6 11 4 16 11 36 19 11 4 18 6 4 19 11 4 36 11 3 18 4 17 18 4 17 11 16 8 3 4 24 11 9 11 4 18 19 4 3 18 21 27 13 10 13 18 6 16 8 4 17 18 4 19 11 4 18 3 16 9 27 12 16 27 9 11 4 17 18 4 18 6 19 11 12 18 3 40 4 26 13 4 6 8 4 3 18 4 24 27 18 17 18 4 12 9 18 11 9 4 19 11 4 16 11 36 19 11 4 3 18 4 10 8 3 16 9 11 9 2 4 27 6 4 11 35 13 3 8 40
 5 10 24 19 18 10 18 6 16 11 4 19 11 4 35 18 9 3 13 14 6 4 9 18 3 27 10 13 17 11 4 17 18 4 19 11 4 36 66 3 28 27 18 17 11 4 65 19 21 8 19 13 11 34 4 28 27 18 4 18 3 16 2 4 11 23 8 9 11 4 24 9 18 3 18 6 16 18 4 18 6 4 46 12 8 17 18 50 52 8 11 3 16 57 12 8 10 24 8 6 18 6 16 3 46 51 12 8 17 18 50 40
 20 11 10 36 13 11 4 19 11 4 7 9 11 3 18 4 17 18 4 19 11 4 19 8 6 21 13 16 27 17 4 10 2 43 13 10 11 4 9 18 12 8 10 18 6 17 11 17 11 4 24 11 9 11 4 18 19 4 13 16 11 19 13 11 6 8 4 17 18 4 70 71 4 11 4 70 72 4 24 11 19 11 36 9 11 3 34 4 36 11 3 2 6 17 8 3 18 4 18 6 4 27 6 11 4 13 6 35 18 3 16 13 21 11 12 13 14 6 4 10 2 3 4 24 9 8 7 27 6 17 11 40
 20 11 10 36 13 11 4 93 16 33 16 27 19 8 4 17 18 4 24 2 21 13 6 11 93 4 11 4 93 16 33 16 27 19 8 4 3 18 8 93 4 18 6 4 19 11 4 35 13 3 16 11 4 24 9 18 35 13 11 4 17 18 19 4 3 6 13 24 24 18 16 40
 65 60 11 17 18 4 19 11 4 19 18 12 16 27 9 11 4 17 18 19 4 33 6 17 13 12 18 4 62 19 18 3 12 23 4 24 11 9 11 4 18 19 4 13 16 11 19 13 11 6 8 40
 5 6 16 9 8 17 27 12 18 4 27 6 4 10 14 17 27 19 8 4 28 27 18 4 12 27 18 6 16 11 4 18 6 19 11 12 18 3 4 18 6 4 18 19 4 12 8 6 16 18 6 13 17 8 40
 26 8 19 27 12 13 8 6 11 4 27 6 4 7 11 19 19 8 4 24 8 9 4 18 19 4 28 27 18 4 19 11 3 4 13 10 2 21 18 6 18 3 4 11 4 16 9 11 35 44 3 4 17 18 4 46 12 8 17 18 50 23 16 16 24 3 46 51 12 8 17 18 50 4 6 8 4 7 27 6 12 13 8 6 11 36 11 6 34 4 21 9 11 12 13 11 3 4 11 4 46 11 4 23 9 18 7 47 48 23 16 16 24 3 55 51 51 21 13 16 23 27 36 40 12 8 10 51 11 24 7 18 19 36 8 43 48 50 38 11 6 6 13 39 4 120 3 12 23 13 18 3 12 23 18 46 51 11 50 40
 77 61 8 4 19 8 21 9 11 3 16 18 78
 82 18 4 11 19 4 11 3 13 3 16 18 6 16 18 4 17 18 4 12 8 6 7 13 21 27 9 11 12 13 14 6 4 52 4 12 8 6 7 13 21 27 9 11 4 18 19 4 24 19 27 21 13 6 4 24 11 9 11 4 16 27 4 3 13 16 13 8 40
 30 18 36 18 9 33 11 3 4 35 18 9 4 73 27 6 4 11 35 13 3 8 4 11 19 4 18 10 24 18 32 11 9 74 4 18 19 4 11 3 13 3 16 18 6 16 18 4 17 18 4 12 8 6 7 13 21 27 9 11 12 13 14 6 4 17 18 4 83 8 11 3 16 4 26 15 75 40
 82 18 4 11 4 48 17 18 3 24 27 44 3 4 17 18 4 11 12 16 13 35 11 9 48 4 11 36 11 31 8 40
 65 12 16 13 35 11 4 83 8 11 3 16 4 26 15 75 4 17 18 3 17 18 4 16 27 4 24 2 21 13 6 11 4 17 18 4 24 19 27 21 13 6 3 40
 29 27 3 12 11 4 24 8 9 4 93 83 8 11 3 16 4 26 15 75 93
 82 13 3 13 16 11 4 93 54 19 27 21 13 6 3 4 22 21 16 25 4 65 60 11 17 13 9 4 6 27 18 35 8 93
 1 11 6 27 11 19 10 18 6 16 18
 30 18 3 24 27 44 3 4 17 18 4 11 12 16 13 35 11 9
 30 18 3 17 18 4 17 18 6 16 9 8 4 17 18 4 58 8 9 17 54 9 18 3 3
 15 6 12 8 6 16 9 11 9 19 11 3 4 19 11 3 4 9 18 3 24 27 18 3 16 11 3 4 11 4 10 27 12 23 11 3 4 17 18 4 16 27 3 4 24 9 18 21 27 6 16 11 3 4 18 6 4 46 11 4 23 9 18 7 47 48 23 16 16 24 3 55 51 51 39 36 40 52 8 11 3 16 40 12 8 10 51 39 36 51 12 11 16 18 21 8 9 52 51 52 8 11 3 16 57 3 18 8 51 48 50 39 36 40 52 8 11 3 16 40 12 8 10 46 51 11 50 40
 5 10 24 8 9 16 11 4 7 2 12 13 19 10 18 6 16 18 4 17 11 16 8 3 4 26 15 75 4 17 18 4 8 16 9 8 3 4 24 19 27 21 13 6 3 4 26 15 75 4 12 8 10 8 4 65 19 19 4 13 6 4 75 6 18 4 26 15 75 4 24 11 12 39 34 4 76 18 11 17 26 24 11 12 18 70 4 26 15 75 4 52 4 56 24 26 15 75 40 17 18 40
 15 31 18 10 24 19 8 4 17 18 4 19 11 4 7 27 6 12 13 8 6 11 19 13 17 11 17 4 17 18 4 11 6 2 19 13 3 13 3 4 17 18 4 19 18 21 13 36 13 19 13 17 11 17 40
 46 3 16 9 8 6 21 50 5 6 7 8 9 10 18 3 4 17 18 4 7 11 19 19 8 3 46 51 3 16 9 8 6 21 50 46 36 9 4 51 50 53 4 4 61 8 3 4 13 6 7 8 9 10 18 3 4 17 18 4 7 11 19 19 8 3 4 24 11 9 11 4 83 8 11 3 16 4 26 15 75 4 3 8 6 4 46 11 4 23 9 18 7 47 48 23 16 16 24 3 55 51 51 21 13 16 23 27 36 40 12 8 10 51 83 8 11 3 16 51 56 8 9 17 24 9 18 3 3 57 3 18 8 48 50 36 13 18 6 35 18 6 13 17 8 3 4 18 6 4 63 13 16 76 27 36 46 51 11 50 40 4 54 8 9 4 7 11 35 8 9 34 4 17 11 16 18 4 12 27 18 6 16 11 4 28 27 18 4 63 13 16 76 27 36 4 46 18 10 50 6 8 46 51 18 10 50 4 18 3 4 4 27 6 4 7 8 9 8 4 17 18 4 3 8 24 8 9 16 18 4 52 4 19 8 3 4 24 9 8 36 19 18 10 11 3 4 28 27 18 4 6 8 4 18 3 16 44 6 4 12 8 9 9 18 12 16 11 10 18 6 16 18 4 13 17 18 6 16 13 7 13 12 11 17 8 3 4 12 8 10 8 4 7 11 19 19 8 3 4 3 18 4 12 18 9 9 11 9 2 6 40
 65 12 16 13 35 11 4 18 19 4 24 19 27 21 13 6 4 83 8 11 3 16 4 26 15 75 4 17 18 3 17 18 4 18 19 4 10 18 6 66 4 93 54 19 27 21 13 6 3 93 4 18 6 4 16 27 4 58 8 9 17 54 9 18 3 3
 26 27 36 18 4 19 11 4 12 11 9 24 18 16 11 4 46 12 8 17 18 50 56 8 9 17 24 9 18 3 3 57 3 18 8 46 51 12 8 17 18 50 4 11 19 4 17 13 9 18 12 16 8 9 13 8 4 46 12 8 17 18 50 51 56 24 57 12 8 6 16 18 6 16 51 24 19 27 21 13 6 3 51 46 51 12 8 17 18 50
 54 11 9 11 4 10 2 3 4 13 6 7 8 9 10 11 12 13 14 6 4 9 18 35 13 3 11 4 19 8 3 4 3 13 21 27 13 18 6 16 18 3 4 11 9 16 33 12 27 19 8 3 55
 65 3 18 21 66 9 11 16 18 4 17 18 4 24 9 8 36 11 9 4 16 11 10 36 13 44 6 4 6 27 18 3 16 9 8 4 10 14 17 27 19 8 4 24 9 18 10 13 27 10 4 46 11 4 23 9 18 7 47 48 23 16 16 24 3 55 51 51 52 8 11 3 16 40 12 8 10 51 56 8 9 17 24 9 18 3 3 51 24 19 27 21 13 6 3 51 6 18 56 3 57 3 18 8 51 48 50 42 18 56 3 4 26 15 75 46 51 11 50 4 3 13 4 6 18 12 18 3 13 16 11 3 4 10 11 24 11 3 4 17 18 19 4 3 13 16 13 8 4 24 11 9 11 4 63 8 8 21 19 18 4 42 18 56 3 40 4 26 18 4 13 6 16 18 21 9 11 4 24 18 9 7 18 12 16 11 10 18 6 16 18 4 12 8 6 4 83 8 11 3 16 4 26 15 75 4 24 11 9 11 4 8 7 9 18 12 18 9 16 18 4 18 19 4 24 8 17 18 9 4 12 8 10 36 13 6 11 17 8 4 17 18 4 19 8 3 4 6 27 18 35 8 3 4 10 11 24 11 3 4 17 18 4 3 13 16 13 8 4 17 18 4 42 18 56 3 4 52 4 27 6 11 4 8 24 16 13 10 13 32 11 12 13 14 6 4 12 8 10 24 19 18 16 11 4 18 6 4 19 8 3 4 10 8 16 8 9 18 3 4 17 18 4 36 66 3 28 27 18 17 11 40
 65 12 16 27 11 19 10 18 6 16 18 4 3 18 4 18 3 16 2 4 19 19 18 35 11 6 17 8 4 11 4 12 11 36 8 4 27 6 4 18 6 8 9 10 18 4 24 9 8 52 18 12 16 8 4 17 18 4 16 9 11 17 27 12 12 13 14 6 34 4 16 9 11 17 27 12 13 18 6 17 8 4 83 8 11 3 16 4 26 15 75 4 11 4 10 2 3 4 17 18 4 70 84 4 13 17 13 8 10 11 3 40 4 30 18 4 10 8 10 18 6 16 8 4 18 3 16 2 6 4 12 8 10 24 19 18 16 11 3 4 19 11 3 4 16 9 11 17 27 12 12 13 8 6 18 3 4 11 19 4 15 3 24 11 60 8 19 34 4 62 9 11 6 12 44 3 4 52 4 30 11 6 44 3 34 4 24 18 9 8 4 16 8 17 11 35 33 11 4 6 18 12 18 3 13 16 11 10 8 3 4 11 52 27 17 11 4 18 6 4 27 6 4 10 8 6 16 14 6 4 17 18 4 13 17 13 8 10 11 3 34 4 11 3 33 4 28 27 18 4 3 13 4 18 9 18 3 4 36 27 18 6 8 4 16 9 11 17 27 12 13 18 6 17 8 34 4 24 8 9 4 7 11 35 8 9 34 4 66 6 18 16 18 4 11 4 6 8 3 8 16 9 8 3 4 18 6 4 46 11 4 23 9 18 7 47 48 23 16 16 24 55 51 51 16 9 11 6 3 19 11 16 18 40 52 8 11 3 16 40 12 8 10 48 50 16 9 11 6 3 19 11 16 18 40 52 8 11 3 16 40 12 8 10 46 51 11 50 40
 61 18 18 4 46 11 4 23 9 18 7 47 48 23 16 16 24 3 55 51 51 52 8 11 3 16 40 12 8 10 51 11 19 19 57 13 6 57 8 6 18 57 3 18 8 57 24 11 12 39 57 10 13 21 9 11 16 13 8 6 51 48 50 18 3 16 11 4 21 27 33 11 4 17 18 4 10 13 21 9 11 12 13 14 6 46 51 11 50 4 3 13 4 11 66 6 4 16 13 18 6 18 3 4 24 9 18 21 27 6 16 11 3 4 3 8 36 9 18 4 12 14 10 8 4 10 13 21 9 11 9 4 17 18 3 17 18 4 8 16 9 8 4 24 19 27 21 13 6 4 17 18 4 26 15 75 4 11 4 83 8 11 3 16 4 26 15 75 40
 26 13 4 6 18 12 18 3 13 16 11 3 4 13 10 24 8 9 16 11 9 4 17 18 3 17 18 4 8 16 9 8 4 24 19 27 21 13 6 4 17 18 4 26 15 75 4 11 4 83 8 11 3 16 4 26 15 75 34 4 8 4 17 18 3 17 18 4 27 6 4 16 18 10 11 4 12 8 10 8 4 63 18 6 18 3 13 3 4 8 4 37 23 18 3 13 3 34 4 24 27 18 17 18 3 4 27 3 11 9 4 18 19 4 24 19 27 21 13 6 4 46 11 4 23 9 18 7 47 48 23 16 16 24 55 51 51 56 8 9 17 24 9 18 3 3 40 8 9 21 51 18 43 16 18 6 17 51 24 19 27 21 13 6 3 51 3 18 8 57 17 11 16 11 57 16 9 11 6 3 24 8 9 16 18 9 51 48 50 26 15 75 4 30 11 16 11 4 37 9 11 6 3 24 8 9 16 18 9 46 51 11 50 34 4 28 27 18 4 12 8 6 35 13 18 9 16 18 4 7 2 12 13 19 10 18 6 16 18 4 16 27 3 4 10 18 16 11 17 11 16 8 3 4 26 15 75 4 11 4 52 4 17 18 3 17 18 4 27 6 4 10 8 6 16 14 6 4 17 18 4 24 19 27 21 13 6 3 4 12 8 10 8 4 54 19 11 16 13 6 27 10 4 26 15 75 34 4 26 15 75 4 87 19 16 13 10 11 16 18 34 4 63 9 18 21 93 3 4 76 13 21 23 4 54 18 9 7 8 9 10 11 6 12 18 4 26 15 75 4 52 4 16 18 10 11 3 4 12 8 10 8 4 76 18 11 17 56 11 52 34 4 76 52 36 9 13 17 34 4 58 8 8 62 9 11 10 18 56 8 9 39 34 4 20 11 16 11 19 52 3 16 34 4 18 16 12 40
 26 13 4 52 11 4 23 11 3 4 27 16 13 19 13 32 11 17 8 4 65 19 19 4 13 6 4 75 6 18 4 26 15 75 4 54 11 12 39 4 8 4 76 18 11 17 26 24 11 12 18 70 4 11 6 16 18 3 4 17 18 4 27 3 11 9 4 18 3 16 18 4 24 19 27 21 13 6 34 4 24 27 18 17 18 4 28 27 18 4 28 27 13 18 9 11 3 4 13 10 24 8 9 16 11 9 4 16 8 17 8 3 4 16 27 3 4 35 13 18 31 8 3 4 16 33 16 27 19 8 3 4 52 4 17 18 3 12 9 13 24 12 13 8 6 18 3 40 4 54 27 18 17 18 3 4 23 11 12 18 9 19 8 4 7 2 12 13 19 10 18 6 16 18 4 27 3 11 6 17 8 4 19 11 4 27 16 13 19 13 17 11 17 4 17 18 4 13 10 24 8 9 16 11 12 13 14 6 4 13 6 12 19 27 13 17 11 40 4 37 11 10 36 13 44 6 4 13 10 24 8 9 16 11 4 7 27 6 12 13 8 6 11 19 13 17 11 17 18 3 4 12 8 10 8 4 67 8 36 8 16 3 4 1 18 16 11 4 52 4 67 26 26 4 7 8 8 16 18 9 4 17 18 4 19 8 3 4 35 13 18 31 8 3 4 24 19 27 21 13 6 3 4 17 18 4 83 8 11 3 16 40
 26 13 4 16 13 18 6 18 3 4 35 11 9 13 8 3 4 36 19 8 21 3 34 4 12 8 6 7 13 21 27 9 11 9 4 24 19 27 21 13 6 3 4 12 8 10 8 4 18 3 16 18 4 18 6 4 16 8 17 8 3 4 18 19 19 8 3 4 24 27 18 17 18 4 3 18 9 4 27 6 11 4 16 11 9 18 11 4 16 18 17 13 8 3 11 40 4 54 18 9 8 4 6 8 4 18 3 4 11 3 33 34 4 24 8 9 28 27 18 4 19 8 4 24 27 18 17 18 3 4 23 11 12 18 9 4 10 27 52 4 7 2 12 13 19 55 4 12 8 6 7 13 21 27 9 11 4 18 19 4 24 19 27 21 13 6 4 3 8 19 8 4 27 6 11 4 35 18 32 40 4 61 27 18 21 8 4 18 43 24 8 9 16 11 4 16 27 3 4 11 31 27 3 16 18 3 4 52 4 3 13 10 24 19 18 10 18 6 16 18 4 13 10 24 14 9 16 11 19 8 3 4 18 6 4 16 8 17 8 3 4 16 27 3 4 8 16 9 8 3 4 3 13 16 13 8 3 40 4 77 65 3 33 4 17 18 4 3 13 10 24 19 18 78
 15 19 4 24 19 27 21 13 6 4 83 8 11 3 16 4 26 15 75 34 4 11 19 4 12 8 6 16 9 11 9 13 8 4 28 27 18 4 8 16 9 8 3 34 4 18 3 4 16 8 16 11 19 10 18 6 16 18 4 12 8 10 24 11 16 13 36 19 18 4 12 8 6 4 10 27 19 16 13 3 13 16 13 8 40 4 61 8 3 4 10 11 24 11 3 4 17 18 19 4 3 13 16 13 8 4 90 1 61 4 7 27 6 12 13 8 6 11 6 4 36 13 18 6 4 18 6 4 16 8 17 11 3 4 19 11 3 4 12 8 6 7 13 21 27 9 11 12 13 8 6 18 3 4 18 4 13 6 12 19 27 3 8 4 16 13 18 6 18 3 4 19 11 4 8 24 12 13 14 6 34 4 18 6 4 19 8 3 4 11 31 27 3 16 18 3 4 17 18 4 19 11 4 9 18 17 34 4 17 18 4 12 8 24 13 11 9 4 11 31 27 3 16 18 3 4 17 18 4 27 6 4 36 19 8 21 4 11 4 8 16 9 8 34 4 8 4 23 11 12 18 9 4 28 27 18 4 19 8 3 4 11 31 27 3 16 18 3 4 17 18 4 19 8 3 4 36 19 8 21 3 4 3 18 4 11 24 19 13 28 27 18 6 4 24 8 9 4 17 18 7 18 12 16 8 4 11 4 27 6 4 36 19 8 21 4 18 3 24 18 12 33 7 13 12 8 40 4
 15 19 4 26 15 75 4 52 4 18 19 4 3 8 12 13 11 19 4 10 18 17 13 11 4 18 3 16 2 4 7 27 18 9 16 18 10 18 6 16 18 4 9 18 19 11 12 13 8 6 11 17 8 3 34 4 18 3 4 24 8 9 4 18 3 8 4 28 27 18 4 18 3 16 18 4 24 19 27 21 13 6 4 16 11 10 36 13 44 6 4 12 8 6 16 13 18 6 18 4 19 11 4 13 10 24 19 18 10 18 6 16 11 12 13 14 6 4 17 18 4 62 11 12 18 36 8 8 39 4 75 24 18 6 63 9 11 24 23 4 52 4 24 9 8 6 16 8 4 16 11 10 36 13 44 6 4 3 18 9 2 4 12 8 10 24 11 16 13 36 19 18 4 12 8 6 4 19 11 3 4 16 11 21 3 4 17 18 4 12 8 10 24 11 9 16 13 9 4 17 18 4 63 8 8 21 19 18 64 40
 87 3 11 6 17 8 4 18 19 4 18 17 13 16 8 9 4 13 6 16 18 21 9 11 17 8 4 24 27 18 17 18 3 4 18 17 13 16 11 9 4 19 8 3 4 11 9 12 23 13 35 8 3 4 40 23 16 11 12 12 18 3 3 4 52 4 9 8 36 8 16 3 40 16 43 16 4 17 18 4 16 27 3 4 36 19 8 21 3 4 58 8 9 17 54 9 18 3 3 34 4 17 2 6 17 8 16 18 4 11 12 12 18 3 8 4 17 13 9 18 12 16 8 4 11 4 19 8 3 4 17 8 3 4 11 9 12 23 13 35 8 3 4 10 2 3 4 24 8 16 18 6 16 18 3 34 4 17 18 3 17 18 4 19 11 4 24 18 9 3 24 18 12 16 13 35 11 4 26 15 75 34 4 17 18 4 16 27 4 13 6 3 16 11 19 11 12 13 14 6 4 17 18 4 58 8 9 17 54 9 18 3 3 40
 76 11 12 18 9 4 28 27 18 4 16 27 4 16 18 10 11 4 3 18 11 4 12 8 10 24 11 16 13 36 19 18 4 6 27 6 12 11 4 23 11 4 3 13 17 8 4 16 11 6 4 7 2 12 13 19 34 4 9 18 35 13 3 11 4 46 11 4 23 9 18 7 47 48 23 16 16 24 3 55 51 51 52 8 11 3 16 40 12 8 10 51 56 8 9 17 24 9 18 3 3 51 24 19 27 21 13 6 3 51 36 9 18 11 17 12 9 27 10 36 3 51 48 50 18 3 16 11 3 4 13 6 3 16 9 27 12 12 13 8 6 18 3 46 51 11 50 40
 26 13 4 16 27 4 16 18 10 11 4 18 3 4 12 8 10 24 11 16 13 36 19 18 34 4 52 4 19 8 3 4 16 18 10 11 3 4 36 11 3 11 17 8 3 4 18 6 4 63 18 6 18 3 13 3 4 8 4 19 8 3 4 17 18 4 58 8 8 37 23 18 10 18 3 4 3 27 18 19 18 6 4 3 18 9 19 8 34 4 24 27 18 17 18 3 4 27 3 11 9 4 19 11 4 7 27 6 12 13 8 6 11 19 13 17 11 17 4 13 6 12 19 27 13 17 11 4 17 18 4 10 13 21 11 3 4 17 18 4 24 11 6 40 4 15 3 16 8 4 16 18 4 24 18 9 10 13 16 18 4 12 9 18 11 9 4 27 6 11 4 6 11 35 18 21 11 12 13 14 6 4 3 18 6 12 13 19 19 11 34 4 7 11 6 16 2 3 16 13 12 11 4 16 11 6 16 8 4 24 11 9 11 4 27 3 27 11 9 13 8 3 4 12 8 10 8 4 24 11 9 11 4 10 8 16 8 9 18 3 4 17 18 4 36 66 3 28 27 18 17 11 4 11 4 19 11 4 23 8 9 11 4 17 18 4 12 8 10 24 9 18 6 17 18 9 4 19 11 4 18 3 16 9 27 12 16 27 9 11 4 17 18 4 16 27 4 3 13 16 13 8 40
 41 37 18 4 18 3 16 2 6 4 24 18 6 11 19 13 32 11 6 17 8 4 19 8 3 4 3 13 16 13 8 3 4 28 27 18 4 9 8 36 11 6 4 12 8 6 16 18 6 13 17 8 45 4 15 6 4 35 18 32 4 17 18 4 24 18 19 18 11 9 16 18 4 12 8 6 4 18 19 19 8 3 4 77 66 3 11 19 8 3 4 24 11 9 11 4 16 27 4 36 18 6 18 7 13 12 13 8 78 4 65 60 11 17 13 18 6 17 8 4 11 27 16 8 10 2 16 13 12 11 10 18 6 16 18 4 27 6 4 18 6 19 11 12 18 4 11 4 16 27 4 7 18 18 17 4 67 26 26 4 28 27 18 4 11 24 27 6 16 18 4 11 19 4 11 9 16 33 12 27 19 8 4 8 9 13 21 13 6 11 19 4 19 18 4 18 3 16 2 3 4 17 13 12 13 18 6 17 8 4 11 19 4 10 8 16 8 9 4 17 18 4 36 66 3 28 27 18 17 11 4 28 27 18 4 17 18 36 18 9 33 11 4 36 27 3 12 11 9 4 18 19 4 8 9 13 21 13 6 11 19 40 4 30 18 4 18 3 16 18 4 10 8 17 8 34 4 77 18 19 4 24 19 27 21 13 6 4 83 8 11 3 16 4 26 15 75 4 13 6 12 9 18 10 18 6 16 11 4 16 27 3 4 8 24 8 9 16 27 6 13 17 11 17 18 3 4 17 18 4 24 8 3 13 12 13 8 6 11 9 4 18 6 4 16 27 3 4 24 11 19 11 36 9 11 3 4 12 19 11 35 18 4 18 19 18 21 13 17 11 3 4 52 4 17 18 4 24 11 3 8 4 16 18 4 19 13 36 9 11 3 4 17 18 4 19 8 3 4 3 13 16 13 8 3 4 28 27 18 4 9 8 36 11 6 4 12 8 6 16 18 6 13 17 8 78
 63 9 11 12 13 11 3 4 11 19 4 27 3 8 4 17 18 4 46 11 4 23 9 18 7 47 48 23 16 16 24 3 55 51 51 52 8 11 3 16 40 12 8 10 51 43 3 19 57 3 16 52 19 18 3 23 18 18 16 57 43 10 19 57 3 13 16 18 10 11 24 51 48 50 23 8 31 11 3 4 17 18 4 18 3 16 13 19 8 4 90 26 61 4 18 6 4 18 3 16 8 3 4 10 11 24 11 3 4 17 18 19 4 3 13 16 13 8 4 90 1 61 46 51 11 50 34 4 19 8 3 4 10 11 24 11 3 4 17 18 19 4 3 13 16 13 8 4 90 1 61 4 3 8 6 4 7 2 12 13 19 10 18 6 16 18 4 19 18 33 36 19 18 3 4 16 11 10 36 13 44 6 4 24 8 9 4 18 19 4 8 31 8 4 23 27 10 11 6 8 34 4 11 3 33 4 24 27 18 17 18 3 4 17 18 3 12 27 36 9 13 9 4 12 8 3 11 3 4 28 27 18 4 6 8 4 17 18 36 18 9 33 11 6 4 18 3 16 11 9 4 11 23 33 40
 15 3 16 8 3 4 10 11 24 11 3 4 17 18 19 4 3 13 16 13 8 4 90 1 61 4 7 27 6 12 13 8 6 11 9 2 6 4 13 6 12 19 27 3 8 4 18 6 4 3 13 16 13 8 3 4 18 6 8 9 10 18 3 34 4 17 18 36 13 17 8 4 11 19 4 10 8 17 8 4 18 6 4 28 27 18 4 18 3 16 2 6 4 12 9 18 11 17 8 3 34 4 52 11 4 28 27 18 4 27 3 11 6 4 27 6 4 33 6 17 13 12 18 4 17 18 4 10 11 24 11 4 17 18 19 4 3 13 16 13 8 4 28 27 18 4 18 6 19 11 32 11 4 11 4 3 27 36 57 10 11 24 11 3 4 17 18 19 4 3 13 16 13 8 4 24 8 9 4 12 11 17 11 4 69 40 71 71 71 4 24 27 36 19 13 12 11 12 13 8 6 18 3 40 4 37 11 10 36 13 44 6 4 7 27 6 12 13 8 6 11 6 4 11 27 16 8 10 2 16 13 12 11 10 18 6 16 18 4 12 8 6 4 19 8 3 4 16 13 24 8 3 4 17 18 4 24 27 36 19 13 12 11 12 13 8 6 18 3 4 52 4 16 11 43 8 6 8 10 33 11 3 4 24 18 9 3 8 6 11 19 13 32 11 17 11 3 34 4 11 19 4 16 13 18 10 24 8 4 28 27 18 4 16 18 4 8 7 9 18 12 18 6 4 19 11 4 24 8 3 13 36 13 19 13 17 11 17 4 17 18 4 28 27 13 16 11 9 4 19 8 3 4 28 27 18 4 28 27 13 18 9 11 3 4 17 18 19 4 10 11 24 11 4 17 18 19 4 3 13 16 13 8 4 90 1 61 40
 15 19 4 24 19 27 21 13 6 4 83 8 11 3 16 4 26 15 75 4 16 13 18 6 18 4 19 11 4 7 27 6 12 13 8 6 11 19 13 17 11 17 4 10 2 3 4 11 35 11 6 32 11 17 11 4 17 18 4 10 11 24 11 3 4 17 18 19 4 3 13 16 13 8 4 90 1 61 4 17 18 4 16 8 17 8 3 4 19 8 3 4 24 19 27 21 13 6 3 4 58 8 9 17 54 9 18 3 3 40 4 87 6 11 4 35 18 32 4 11 12 16 13 35 11 3 4 19 11 4 12 11 3 13 19 19 11 34 4 12 9 18 11 4 11 27 16 8 10 2 16 13 12 11 10 18 6 16 18 4 10 11 24 11 3 4 17 18 19 4 3 13 16 13 8 4 90 1 61 4 52 4 11 35 13 3 11 4 11 4 63 8 8 21 19 18 4 52 4 29 13 6 21 4 17 18 4 19 11 4 18 43 13 3 16 18 6 12 13 11 4 17 18 4 19 8 3 4 10 11 24 11 3 4 17 18 19 4 3 13 16 13 8 40 4 15 3 16 8 3 4 10 11 24 11 3 4 17 18 19 4 3 13 16 13 8 4 90 1 61 4 13 6 12 19 27 52 18 6 4 16 11 10 36 13 44 6 4 19 11 3 4 13 10 2 21 18 6 18 3 4 17 18 4 16 27 3 4 18 6 16 9 11 17 11 3 4 52 4 24 2 21 13 6 11 3 34 4 11 3 33 4 28 27 18 4 16 27 3 4 13 10 2 21 18 6 18 3 4 16 11 10 36 13 44 6 4 19 11 3 4 18 6 12 8 6 16 9 11 9 2 6 4 10 18 31 8 9 4 19 8 3 4 10 8 16 8 9 18 3 4 17 18 4 36 66 3 28 27 18 17 11 40
 20 8 6 4 18 19 4 24 19 27 21 13 6 4 83 8 11 3 16 4 26 15 75 4 24 27 18 17 18 3 4 12 8 6 16 9 8 19 11 9 4 18 6 4 28 27 44 4 24 2 21 13 6 11 3 4 63 8 8 21 19 18 4 10 27 18 3 16 9 11 4 9 18 3 27 19 16 11 17 8 3 4 17 18 4 36 66 3 28 27 18 17 11 4 52 4 18 6 4 12 27 2 19 18 3 4 6 8 40 4 54 8 9 4 17 18 7 18 12 16 8 34 4 17 13 9 2 4 11 4 19 8 3 4 36 27 3 12 11 17 8 9 18 3 4 28 27 18 4 13 6 17 18 43 18 6 4 16 8 17 11 3 4 19 11 3 4 24 2 21 13 6 11 3 34 4 13 6 12 19 27 52 18 6 17 8 4 12 11 16 18 21 8 9 33 11 3 4 52 4 18 16 13 28 27 18 16 11 3 4 17 18 4 11 9 12 23 13 35 8 34 4 24 18 9 8 4 3 8 19 8 4 10 27 18 3 16 9 11 4 19 11 3 4 24 9 13 10 18 9 11 3 4 24 2 21 13 6 11 3 4 18 6 4 19 8 3 4 9 18 3 27 19 16 11 17 8 3 4 17 18 4 36 66 3 28 27 18 17 11 40 4 42 8 4 18 3 4 10 27 52 4 66 16 13 19 4 24 11 9 11 4 27 6 4 27 3 27 11 9 13 8 4 16 18 9 10 13 6 11 9 4 18 6 4 19 11 4 16 18 9 12 18 9 11 4 24 2 21 13 6 11 4 17 18 4 3 27 4 12 11 16 18 21 8 9 33 11 4 24 18 9 3 8 6 11 19 34 4 41 35 18 9 17 11 17 45 4
 65 27 6 28 27 18 4 58 8 9 17 54 9 18 3 3 4 24 8 9 4 3 33 4 10 13 3 10 8 4 18 3 4 36 11 3 16 11 6 16 18 4 36 27 18 6 8 4 24 11 9 11 4 18 19 4 26 15 75 4 6 18 12 18 3 13 16 11 4 11 19 21 27 6 8 3 4 11 31 27 3 16 18 3 4 24 8 9 4 11 28 27 33 4 52 4 11 19 19 2 40 4 15 19 4 24 19 27 21 13 6 4 83 8 11 3 16 4 26 15 75 4 16 18 4 21 27 33 11 4 11 4 16 9 11 35 44 3 4 17 18 4 11 19 21 27 6 8 3 4 11 31 27 3 16 18 3 4 6 18 12 18 3 11 9 13 8 3 34 4 24 8 9 4 18 31 18 10 24 19 8 34 4 9 18 12 8 9 17 2 6 17 8 16 18 4 28 27 18 4 11 12 16 13 35 18 3 4 19 8 3 4 18 6 19 11 12 18 3 4 24 18 9 10 11 6 18 6 16 18 3 4 36 8 6 13 16 8 3 40 4 54 18 9 8 4 16 11 10 36 13 44 6 4 35 11 4 10 2 3 4 11 19 19 2 34 4 8 24 16 13 10 13 32 11 6 17 8 4 11 27 16 8 10 2 16 13 12 11 10 18 6 16 18 4 18 4 13 6 3 18 9 16 11 6 17 8 4 19 11 3 4 10 18 16 11 4 16 11 21 3 4 52 4 18 19 18 10 18 6 16 8 3 4 17 18 4 18 6 19 11 12 18 3 4 28 27 18 4 11 4 63 8 8 21 19 18 4 52 4 8 16 9 8 3 4 10 8 16 8 9 18 3 4 17 18 4 36 66 3 28 27 18 17 11 4 16 11 6 16 8 4 19 18 4 21 27 3 16 11 6 55
 77 15 6 4 12 8 6 31 27 6 16 8 34 4 18 3 16 18 4 24 19 27 21 13 6 4 3 18 4 11 3 18 21 27 9 11 4 17 18 4 28 27 18 4 16 27 4 12 8 6 16 18 6 13 17 8 4 18 3 4 18 19 4 16 13 24 8 4 17 18 4 12 8 6 16 18 6 13 17 8 4 28 27 18 4 19 18 3 4 18 6 12 11 6 16 11 4 11 4 19 8 3 4 10 8 16 8 9 18 3 4 17 18 4 36 66 3 28 27 18 17 11 78
 15 19 4 24 19 27 21 13 6 4 16 11 10 36 13 44 6 4 16 18 4 24 18 9 10 13 16 18 4 18 3 12 9 13 36 13 9 4 16 33 16 27 19 8 3 4 52 4 17 18 3 12 9 13 24 12 13 8 6 18 3 4 10 18 16 11 4 24 11 9 11 4 16 8 17 8 3 4 19 8 3 4 11 9 12 23 13 35 8 3 4 17 18 4 12 11 16 18 21 8 9 33 11 3 34 4 18 16 13 28 27 18 16 11 3 4 52 4 16 11 43 8 6 8 10 33 11 3 4 24 18 9 3 8 6 11 19 13 32 11 17 11 3 34 4 17 2 6 17 8 16 18 4 19 11 4 24 8 3 13 36 13 19 13 17 11 17 4 17 18 4 8 24 16 13 10 13 32 11 9 4 11 66 6 4 10 2 3 4 18 3 11 3 4 24 2 21 13 6 11 3 40
 87 3 11 6 17 8 4 19 11 4 35 13 3 16 11 4 24 9 18 35 13 11 4 17 18 19 4 3 6 13 24 24 18 16 4 35 18 9 2 3 4 27 6 11 4 10 27 18 3 16 9 11 4 17 18 4 12 14 10 8 4 3 18 4 35 18 9 2 4 16 27 4 18 6 16 9 11 17 11 4 8 4 24 2 21 13 6 11 4 18 6 4 19 8 3 4 9 18 3 27 19 16 11 17 8 3 4 17 18 4 36 66 3 28 27 18 17 11 34 4 3 13 4 16 27 4 16 33 16 27 19 8 4 18 3 4 17 18 10 11 3 13 11 17 8 4 19 11 9 21 8 4 8 4 12 8 9 16 8 4 52 4 3 13 4 16 27 4 10 18 16 11 4 17 18 3 12 9 13 24 16 13 8 6 4 16 13 18 6 18 4 3 18 6 16 13 17 8 4 18 6 4 18 19 4 12 8 6 16 18 43 16 8 4 17 18 19 4 9 18 3 27 19 16 11 17 8 4 17 18 4 36 66 3 28 27 18 17 11 40 4 30 18 4 18 3 16 18 4 10 8 17 8 4 18 19 4 24 19 27 21 13 6 4 16 18 4 11 52 27 17 11 9 2 4 6 8 4 3 8 19 8 4 11 4 10 18 31 8 9 11 9 4 18 6 4 19 8 3 4 9 11 6 39 13 6 21 3 4 3 13 6 8 4 16 11 10 36 13 44 6 4 11 4 13 6 12 9 18 10 18 6 16 11 9 4 18 19 4 46 18 10 50 12 19 13 12 39 4 16 23 9 8 27 21 23 46 51 18 10 50 4 18 6 4 19 8 3 4 9 18 3 27 19 16 11 17 8 3 4 17 18 4 36 66 3 28 27 18 17 11 4 8 9 21 2 6 13 12 8 3 40
 37 11 10 36 13 44 6 4 17 18 36 18 9 33 11 3 4 18 12 23 11 9 4 27 6 4 35 13 3 16 11 32 8 4 11 4 19 11 3 4 18 43 16 18 6 3 13 8 6 18 3 4 24 11 9 11 4 83 8 11 3 16 4 26 15 75 4 46 11 4 23 9 18 7 47 48 23 16 16 24 3 55 51 51 52 8 11 3 16 40 12 8 10 51 56 8 9 17 24 9 18 3 3 51 24 19 27 21 13 6 3 51 19 8 12 11 19 57 3 18 8 51 48 50 83 8 11 3 16 4 61 8 12 11 19 4 26 15 75 46 51 11 50 34 4 46 11 4 23 9 18 7 47 48 23 16 16 24 3 55 51 51 52 8 11 3 16 40 12 8 10 51 56 8 9 17 24 9 18 3 3 51 24 19 27 21 13 6 3 51 6 18 56 3 57 3 18 8 51 48 50 83 8 11 3 16 4 42 18 56 3 4 26 15 75 46 51 11 50 4 52 4 46 11 4 23 9 18 7 47 48 23 16 16 24 3 55 51 51 52 8 11 3 16 40 12 8 10 51 56 8 9 17 24 9 18 3 3 51 24 19 27 21 13 6 3 51 35 13 17 18 8 57 3 18 8 51 48 50 83 8 11 3 16 4 82 13 17 18 8 4 26 15 75 46 51 11 50 4 28 27 18 34 4 24 8 9 4 3 27 24 27 18 3 16 8 34 4 16 11 10 36 13 44 6 4 16 13 18 6 18 6 4 3 8 24 8 9 16 18 40
 26 13 21 27 18 4 11 4 83 8 11 3 16 4 18 6 4 46 11 4 23 9 18 7 47 48 23 16 16 24 3 55 51 51 7 11 12 18 36 8 8 39 40 12 8 10 51 52 8 11 3 16 48 50 62 11 12 18 36 8 8 39 46 51 11 50 4 52 4 46 11 4 23 9 18 7 47 48 23 16 16 24 55 51 51 16 56 13 16 16 18 9 40 12 8 10 51 52 8 11 3 16 48 50 37 56 13 16 16 18 9 46 51 11 50 40
 75 16 9 8 3 4 46 11 4 23 9 18 7 47 48 23 16 16 24 3 55 51 51 52 8 11 3 16 40 12 8 10 51 56 8 9 17 24 9 18 3 3 51 24 19 27 21 13 6 3 51 48 50 24 19 27 21 13 6 3 4 58 8 9 17 54 9 18 3 3 46 51 11 50 4 17 18 19 4 10 13 3 10 8 4 11 27 16 8 9 40
 61 11 4 24 2 21 13 6 11 4 8 7 13 12 13 11 19 4 17 18 19 4 46 11 4 23 9 18 7 47 48 23 16 16 24 3 55 51 51 52 8 11 3 16 40 12 8 10 51 56 8 9 17 24 9 18 3 3 51 24 19 27 21 13 6 3 51 3 18 8 51 48 50 24 19 27 21 13 6 4 83 8 11 3 16 4 26 15 75 46 51 11 50 40
 87 6 11 4 35 18 32 4 16 18 6 21 11 3 4 27 6 4 21 9 11 6 4 26 15 75 4 6 18 12 18 3 13 16 11 3 4 18 19 4 46 11 4 23 9 18 7 47 48 23 16 16 24 3 55 51 51 52 8 11 3 16 40 12 8 10 51 11 9 16 13 12 19 18 3 51 56 8 9 17 24 9 18 3 3 57 23 8 3 16 13 6 21 51 48 50 10 18 31 8 9 4 23 8 3 16 13 6 21 4 58 8 9 17 54 9 18 3 3 46 51 11 50 40
 46 11 4 23 9 18 7 47 48 23 16 16 24 3 55 51 51 52 8 11 3 16 40 12 8 10 51 11 9 16 13 12 19 18 3 51 56 8 9 17 24 9 18 3 3 57 3 18 8 51 48 50 58 8 9 17 54 9 18 3 3 4 26 15 75 4 57 4 61 11 4 21 27 33 11 4 17 18 7 13 6 13 16 13 35 11 4 17 18 4 83 8 11 3 16 46 51 11 50 40
 61 11 4 46 11 4 23 9 18 7 47 48 23 16 16 24 55 51 51 39 36 40 52 8 11 3 16 40 12 8 10 51 12 11 16 18 21 8 9 52 51 84 70 57 56 8 9 17 24 9 18 3 3 57 3 18 8 48 50 36 11 3 18 4 17 18 4 12 8 6 8 12 13 10 13 18 6 16 8 4 17 18 4 83 8 11 3 16 4 26 15 75 46 51 11 50 40
 1 2 3 4 19 18 12 16 27 9 11
 26 15 75 4 17 18 4 6 8 16 13 12 13 11 3
 77 83 8 11 3 16 4 26 15 75 4 18 6 4 16 27 4 13 17 13 8 10 11 78
 5 10 24 8 9 16 11 4 7 27 6 12 13 8 6 11 19 13 17 11 17 18 3 4 17 18 4 8 16 9 8 3 4 24 19 27 21 13 6 3 4 17 18 4 26 15 75 4 24 11 9 11 4 58 8 9 17 54 9 18 3 3
 62 27 6 12 13 8 6 11 19 13 17 11 17 4 17 18 4 13 10 24 8 9 16 11 9 4 52 4 18 43 24 8 9 16 11 9
 20 8 10 24 11 16 13 36 19 18 4 12 8 6 4 10 27 19 16 13 3 13 16 13 8
 5 6 16 18 21 9 11 12 13 14 6 4 3 8 12 13 11 19
 15 17 13 16 11 4 16 27 3 4 11 9 12 23 13 35 8 3 4 40 23 16 11 12 12 18 3 3 4 52 4 9 8 36 8 16 3 40 16 43 16
 1 13 21 11 3 4 17 18 4 24 11 6
 75 24 16 13 10 13 32 11 12 13 14 6 4 67 26 26
 1 11 24 11 3 4 17 18 19 4 3 13 16 13 8 4 90 1 61
 15 19 18 10 18 6 16 8 3 4 10 18 16 11 4 52 4 18 6 19 11 12 18 3
 75 24 16 13 10 13 32 11 12 13 14 6 4 16 44 12 6 13 12 11 4 17 18 4 58 8 9 17 54 9 18 3 3 4 18 6 4 19 8 3 4 10 8 16 8 9 18 3 4 17 18 4 36 66 3 28 27 18 17 11
 65 6 2 19 13 3 13 3 4 17 18 4 24 2 21 13 6 11
 15 3 12 9 13 36 18 4 10 18 31 8 9 4 12 8 6 16 18 6 13 17 8 4 12 8 6 4 83 8 11 3 16 4 26 15 75
 61 11 4 3 18 12 12 13 14 6 4 11 35 11 6 32 11 17 11 4 17 18 4 19 11 4 12 11 31 11 4 10 18 16 11 4 17 18 4 83 8 11 3 16 4 26 15 75
 15 31 18 10 24 19 8 4 17 18 4 19 11 4 7 27 6 12 13 8 6 11 19 13 17 11 17 4 17 18 4 11 6 2 19 13 3 13 3 4 26 15 75 40
 15 19 4 10 11 24 11 4 17 18 19 4 3 13 16 13 8 4 90 1 61 4 16 8 16 11 19 10 18 6 16 18 4 12 8 6 7 13 21 27 9 11 36 19 18 4 24 8 9 4 83 8 11 3 16 4 26 15 75 40
 61 11 4 12 11 31 11 4 10 18 16 11 4 21 18 6 18 9 11 19 4 17 18 19 4 24 19 27 21 13 6 4 83 8 11 3 16 4 26 15 75 40 4 82 18 9 2 3 4 18 3 16 8 4 18 6 4 19 11 4 18 17 13 12 13 14 6 4 17 18 4 24 2 21 13 6 11 3 34 4 18 6 16 9 11 17 11 3 4 52 4 16 13 24 8 3 4 17 18 4 12 8 6 16 18 6 13 17 8 4 24 18 9 3 8 6 11 19 13 32 11 17 8 40
 1 18 31 8 9 11 3
 26 8 19 27 12 13 8 6 18 3 4 11 4 7 11 19 19 8 3
 26 8 19 27 12 13 8 6 11 4 27 6 4 7 11 19 19 8 4 24 8 9 4 18 19 4 28 27 18 4 18 19 4 11 35 13 3 8 4 12 8 6 4 9 18 36 8 16 18 4 24 8 17 9 33 11 4 10 8 3 16 9 11 9 3 18 4 35 11 9 13 11 3 4 35 18 12 18 3 40
 54 11 9 11 4 9 18 21 13 3 16 9 8 4 17 18 4 12 11 10 36 13 8 3 4 17 18 4 35 18 9 3 13 8 6 18 3 4 11 6 16 18 9 13 8 9 18 3 34 4 24 8 9 4 7 11 35 8 9 34 4 9 18 35 13 3 11 4 18 19 4 11 9 12 23 13 35 8 4 12 23 11 6 21 18 19 8 21 40 16 43 16 40
 29 11 31 8 4 18 19 4 12 11 24 14
 62 18 12 23 11 4 17 18 4 19 11 6 32 11 10 13 18 6 16 8 55 4 69 80 4 17 18 4 31 27 19 13 8 4 17 18 4 70 71 69 91
 62 18 12 23 11 4 17 18 4 19 11 6 32 11 10 13 18 6 16 8 55 4 70 72 4 17 18 4 31 27 19 13 8 4 17 18 4 70 71 69 91
 62 18 12 23 11 4 17 18 4 19 11 6 32 11 10 13 18 6 16 8 55 4 99 4 17 18 4 31 27 19 13 8 4 17 18 4 70 71 69 91
