 62 7 13 4 8 27 2 6 28 8 23 4 6 39 8 4 12 50 4 2 14 14 6 24 26 82 49 6 39 4 15 11 2 6 33 2 11 11 2 4 6 25 8 5 11 2 5 11 6 3 5 12 6 18 3 27 2 6 3 6 32 23 10 10 28 6 8 13 11 15 7 15 61 2 12 6 39 8 4 12 50 4 2 14 14 6 14 15 11 2 6 23 14 15 5 16 6 11 18 2 6 36 8 3 14 11 6 24 26 82 6 13 10 23 16 15 5 38
 36 8 3 14 11 6 24 26 82
 58 15 21 2 14 6 3 6 11 28 13 8 6 15 5 6 11 18 2 6 4 2 3 12 7 2 38 11 21 11 30 6 13 4 8 13 14 6 41 3 6 18 4 2 32 42 43 18 11 11 13 14 49 46 46 16 15 11 18 23 33 38 25 8 7 46 4 3 28 4 23 11 74 2 14 43 45 9 3 28 7 8 5 12 6 9 23 11 74 2 14 41 46 3 45
 58 15 21 2 14 6 3 6 13 2 4 32 8 4 7 3 5 25 2 6 15 14 14 23 2 6 4 2 10 3 11 2 12 6 11 8 6 25 3 10 25 23 10 3 11 15 5 16 6 11 2 21 11 6 10 15 5 29 6 25 8 23 5 11 14 6 31 18 2 5 6 14 3 27 15 5 16 6 3 6 13 8 14 11 38
 58 15 21 2 14 6 3 6 33 23 16 6 31 18 2 4 2 6 41 25 8 12 2 45 4 2 7 8 27 2 55 7 2 11 3 55 15 32 55 12 2 32 3 23 10 11 41 46 25 8 12 2 45 6 3 5 12 6 41 25 8 12 2 45 12 8 5 11 55 14 3 27 2 55 7 2 11 3 55 15 32 55 12 2 32 3 23 10 11 41 46 25 8 12 2 45 6 12 8 5 73 11 6 4 2 11 23 4 5 6 11 18 2 6 16 15 27 2 5 6 15 5 13 23 11 6 27 3 10 23 2 6 3 14 6 12 2 32 3 23 10 11 38
 62 7 13 4 8 27 2 14 6 3 27 3 11 3 4 14 6 8 5 6 11 18 2 6 25 4 2 12 15 11 6 13 3 16 2 30 6 13 4 8 13 14 6 41 3 6 18 4 2 32 42 43 18 11 11 13 14 49 46 46 16 15 11 18 23 33 38 25 8 7 46 7 15 29 2 12 2 18 3 4 11 43 45 64 15 29 2 6 56 2 72 3 4 11 41 46 3 45
 53 12 12 14 6 3 6 14 23 33 18 2 3 12 2 4 6 8 5 6 11 18 2 6 5 8 11 15 32 15 25 3 11 15 8 5 6 12 3 14 18 33 8 3 4 12 6 11 8 6 25 10 3 4 15 32 28 6 13 4 8 33 10 2 7 14 6 3 5 12 6 15 14 14 23 2 14 6 31 18 15 25 18 6 3 4 2 6 7 23 11 2 12 38
 35 18 3 5 16 2 14 6 11 18 2 6 25 8 10 23 7 5 6 11 15 11 10 2 14 6 15 5 6 11 18 2 6 11 3 21 8 5 8 7 28 6 10 15 14 11 6 11 3 33 10 2 6 11 8 6 15 25 8 5 14 38
 53 12 12 14 6 14 23 13 13 8 4 11 6 32 8 4 6 11 18 15 4 12 6 13 3 4 11 28 6 14 15 11 2 7 3 13 14 6 13 4 8 27 15 12 2 4 14 6 11 8 6 33 2 6 4 2 16 15 14 11 2 4 2 12 6 3 5 12 6 23 14 2 12 38
 53 12 12 14 6 3 6 39 8 4 12 50 4 2 14 14 6 24 26 82 6 50 4 2 7 15 23 7 6 7 8 11 15 27 3 11 15 8 5 6 8 5 6 11 18 2 6 14 8 25 15 3 10 6 11 3 33 14 38
 53 12 12 14 6 3 6 39 8 4 12 50 4 2 14 14 6 24 26 82 6 50 4 2 7 15 23 7 6 7 8 11 15 27 3 11 15 8 5 6 33 8 21 6 8 5 6 36 8 3 14 11 6 24 26 82 6 14 2 11 11 15 5 16 14 6 13 3 16 2 14 38
 62 7 13 4 8 27 2 14 6 11 18 2 6 4 2 3 12 3 33 15 10 15 11 28 6 32 2 3 11 23 4 2 6 32 8 4 6 56 23 11 25 18 30 6 26 5 16 10 15 14 18 30 6 58 4 2 5 25 18 30 6 59 2 4 7 3 5 30 6 62 11 3 10 15 3 5 6 3 5 12 6 24 13 3 5 15 14 18 38
 53 12 12 14 6 14 23 13 13 8 4 11 6 32 8 4 6 15 7 13 8 4 11 15 5 16 6 8 32 6 37 2 11 13 3 25 29 6 24 26 82 6 12 3 11 3 38
 53 12 12 14 6 11 18 2 6 13 8 14 11 51 11 28 13 2 6 3 5 12 6 11 3 21 8 5 8 7 28 6 15 12 2 5 11 15 32 15 2 4 14 6 8 5 6 11 18 2 6 11 15 11 10 2 14 6 3 5 12 6 7 2 11 3 14 6 14 2 11 11 15 5 16 14 6 11 3 33 38
 58 15 21 2 14 6 3 5 6 15 14 14 23 2 6 31 18 2 4 2 6 11 18 2 6 10 15 5 29 6 25 8 10 23 7 5 14 6 31 8 23 10 12 6 12 15 14 3 13 13 2 3 4 6 3 32 11 2 4 6 22 23 15 25 29 51 2 12 15 11 15 5 16 6 3 6 13 8 14 11 38
 58 15 21 2 14 6 3 6 25 8 7 13 3 11 15 33 15 10 15 11 28 6 15 14 14 23 2 6 31 15 11 18 6 39 8 4 12 50 4 2 14 14 6 81 38 91 38
 53 12 12 14 6 3 6 32 2 3 11 23 4 2 6 11 8 16 16 10 2 6 11 8 6 12 15 14 3 33 10 2 6 11 18 2 6 10 15 5 29 6 25 8 23 5 11 2 4 6 11 8 8 10 6 17 3 7 13 19 6 10 15 5 29 6 25 8 10 23 7 5 14 38
 82 5 10 28 6 10 8 3 12 6 33 3 33 2 10 6 13 8 10 28 32 15 10 10 6 15 32 6 15 11 6 18 3 14 5 73 11 6 33 2 2 5 6 10 8 3 12 2 12 6 33 28 6 3 5 8 11 18 2 4 6 13 10 23 16 15 5 6 28 2 11 38
 58 15 21 2 14 6 3 6 32 3 11 3 10 6 2 4 4 8 4 6 11 18 3 11 6 25 8 23 10 12 6 8 25 25 23 4 6 31 18 2 5 6 11 4 28 15 5 16 6 11 8 6 14 3 27 2 6 3 6 13 8 14 11 6 11 18 3 11 6 18 3 14 6 41 25 8 12 2 45 17 10 11 19 3 17 16 11 19 41 46 25 8 12 2 45 51 11 3 16 14 6 31 15 11 18 6 15 5 27 3 10 15 12 6 63 9 1 14 6 15 5 6 15 11 38
 53 12 12 14 6 3 6 33 3 5 5 2 4 6 32 8 4 6 11 18 2 6 14 11 4 23 25 11 23 4 2 12 6 12 3 11 3 6 25 8 23 4 14 2 38
 39 18 2 5 6 11 18 2 4 2 6 3 4 2 6 13 8 14 11 14 6 8 4 6 13 3 16 2 14 6 11 8 6 4 2 15 5 12 2 21 30 6 3 6 5 8 11 15 25 2 6 31 15 10 10 6 33 2 6 14 18 8 31 5 38
 62 5 11 4 8 12 23 25 2 14 6 3 6 12 3 11 3 33 3 14 2 6 11 3 33 10 2 6 11 8 6 29 2 2 13 6 11 4 3 25 29 6 8 32 6 11 18 2 6 10 15 5 29 15 5 16 6 14 11 4 23 25 11 23 4 2 38 6 62 32 6 11 18 2 6 11 3 33 10 2 6 25 3 5 5 8 11 6 33 2 6 25 4 2 3 11 2 12 30 6 3 6 5 8 11 15 32 15 25 3 11 15 8 5 6 31 15 10 10 6 33 2 6 14 18 8 31 5 38
 62 7 13 10 2 7 2 5 11 14 6 11 18 2 6 2 21 11 4 3 25 11 2 12 6 27 2 4 14 15 8 5 6 8 32 6 11 18 2 6 53 10 16 8 10 15 3 6 24 2 3 4 25 18 6 31 18 15 25 18 6 15 14 6 5 8 31 6 13 4 2 14 2 5 11 6 15 5 6 41 25 8 12 2 45 28 8 3 14 11 51 25 8 7 13 8 5 2 5 11 14 41 46 25 8 12 2 45 38
 35 18 3 5 16 2 14 6 4 2 25 8 7 7 2 5 12 2 12 6 7 3 21 15 7 23 7 6 14 2 5 11 2 5 25 2 6 10 2 5 16 11 18 6 32 8 4 6 62 11 3 10 15 3 5 6 32 4 8 7 6 66 67 6 11 8 6 66 68 6 31 8 4 12 14 30 6 33 3 14 2 12 6 8 5 6 7 8 4 2 6 15 5 51 12 2 13 11 18 6 4 2 14 2 3 4 25 18 38
 35 18 3 5 16 2 14 6 73 13 3 16 2 6 11 15 11 10 2 73 6 11 8 6 73 14 2 8 6 11 15 11 10 2 73 6 15 5 6 11 18 2 6 14 5 15 13 13 2 11 6 13 4 2 27 15 2 31 38
 53 12 12 14 6 58 10 2 14 25 18 6 9 2 3 12 15 5 16 6 32 8 4 6 62 11 3 10 15 3 5 38
 62 5 11 4 8 12 23 25 2 14 6 3 6 7 8 12 23 10 2 6 11 18 3 11 6 25 8 23 5 11 14 6 10 15 5 29 14 6 15 5 6 11 18 2 6 25 8 5 11 2 5 11 38
 58 15 21 2 14 6 3 6 33 23 16 6 31 18 2 4 2 6 15 7 3 16 2 14 6 27 15 3 6 41 25 8 12 2 45 18 11 11 13 14 41 46 25 8 12 2 45 6 31 2 4 2 6 5 8 11 6 31 8 4 29 15 5 16 30 6 13 4 8 13 14 6 41 3 6 18 4 2 32 42 43 18 11 11 13 14 49 46 46 16 15 11 18 23 33 38 25 8 7 46 3 13 32 2 10 33 8 21 43 45 37 3 5 5 15 29 6 110 14 25 18 15 2 14 25 18 2 41 46 3 45 38
 36 8 23 73 4 2 6 12 8 5 2 47
 59 8 6 11 18 4 8 23 16 18 6 11 18 2 6 25 8 5 32 15 16 23 4 3 11 15 8 5 6 31 15 61 3 4 12 6 3 5 12 6 14 2 11 6 23 13 6 11 18 2 6 13 10 23 16 15 5 6 32 8 4 6 28 8 23 4 6 14 15 11 2 38
 36 8 23 6 14 18 8 23 10 12 6 14 2 2 6 69 3 6 5 8 11 15 25 2 6 11 8 6 14 11 3 4 11 70 6 11 18 2 6 36 8 3 14 11 6 24 26 82 6 25 8 5 32 15 16 23 4 3 11 15 8 5 6 31 15 61 3 4 12 38
 59 8 6 11 8 6 43 3 32 11 2 4 6 3 25 11 15 27 3 11 15 8 5 43 6 33 2 10 8 31 38
 53 25 11 15 27 3 11 2 6 36 8 3 14 11 6 24 26 82 6 32 4 8 7 6 28 8 23 4 6 50 10 23 16 15 5 14 6 13 3 16 2 38
 24 2 3 4 25 18 6 32 8 4 6 73 36 8 3 14 11 6 24 26 82 73
 71 15 14 15 11 6 73 50 10 23 16 15 5 14 6 17 16 11 19 6 53 12 12 6 20 2 31 73
 64 3 5 23 3 10 10 28
 53 32 11 2 4 6 3 25 11 15 27 3 11 15 8 5
 58 4 8 7 6 31 15 11 18 15 5 6 39 8 4 12 50 4 2 14 14
 36 8 23 73 10 10 6 32 15 5 12 6 3 5 14 31 2 4 14 6 11 8 6 7 3 5 28 6 8 32 6 28 8 23 4 6 22 23 2 14 11 15 8 5 14 6 8 5 6 41 3 6 18 4 2 32 42 43 18 11 11 13 14 49 46 46 29 33 38 28 8 3 14 11 38 25 8 7 46 29 33 46 25 3 11 2 16 8 4 28 46 28 8 3 14 11 51 14 2 8 46 43 45 29 33 38 28 8 3 14 11 38 25 8 7 41 46 3 45 38
 26 3 14 15 10 28 6 15 7 13 8 4 11 6 24 26 82 6 12 3 11 3 6 32 4 8 7 6 8 11 18 2 4 6 24 26 82 6 13 10 23 16 15 5 14 6 10 15 29 2 6 53 10 10 6 62 5 6 82 5 2 6 24 26 82 6 13 3 25 29 30 6 72 2 3 12 24 13 3 25 2 66 6 24 26 82 6 3 5 12 6 31 13 24 26 82 38 12 2 38
 26 21 3 7 13 10 2 6 8 32 6 11 18 2 6 4 2 3 12 3 33 15 10 15 11 28 6 3 5 3 10 28 14 15 14 6 32 23 5 25 11 15 8 5 3 10 15 11 28 38
 41 14 11 4 8 5 16 45 52 23 16 6 9 2 13 8 4 11 14 41 46 14 11 4 8 5 16 45 41 33 4 6 46 45 48 6 6 52 23 16 6 4 2 13 8 4 11 14 6 32 8 4 6 36 8 3 14 11 6 24 26 82 6 3 4 2 6 41 3 6 18 4 2 32 42 43 18 11 11 13 14 49 46 46 16 15 11 18 23 33 38 25 8 7 46 36 8 3 14 11 46 31 8 4 12 13 4 2 14 14 51 14 2 8 43 45 31 2 10 25 8 7 2 12 6 8 5 6 59 15 11 72 23 33 41 46 3 45 38 6 50 10 2 3 14 2 6 5 8 11 2 6 59 15 11 72 23 33 6 15 14 6 41 2 7 45 5 8 11 41 46 2 7 45 6 3 6 14 23 13 13 8 4 11 6 32 8 4 23 7 30 6 3 5 12 6 15 14 14 23 2 14 6 11 18 3 11 6 3 4 2 5 73 11 6 13 4 8 13 2 4 10 28 6 22 23 3 10 15 32 15 2 12 6 3 14 6 33 23 16 14 6 31 15 10 10 6 33 2 6 25 10 8 14 2 12 38
 53 25 11 15 27 3 11 2 6 11 18 2 6 36 8 3 14 11 6 24 26 82 6 13 10 23 16 15 5 6 11 18 4 8 23 16 18 6 11 18 2 6 73 50 10 23 16 15 5 14 73 6 7 2 5 23 6 15 5 6 39 8 4 12 50 4 2 14 14
 63 13 10 8 3 12 6 11 18 2 6 41 25 8 12 2 45 31 8 4 12 13 4 2 14 14 51 14 2 8 41 46 25 8 12 2 45 6 32 8 10 12 2 4 6 11 8 6 11 18 2 6 41 25 8 12 2 45 46 31 13 51 25 8 5 11 2 5 11 46 13 10 23 16 15 5 14 46 41 46 25 8 12 2 45 6 12 15 4 2 25 11 8 4 28
 58 8 4 6 7 8 4 2 6 15 5 32 8 30 6 25 18 2 25 29 6 8 23 11 6 11 18 2 6 32 8 10 10 8 31 15 5 16 6 3 4 11 15 25 10 2 14 49
 52 2 6 14 23 4 2 6 11 8 6 3 10 14 8 6 25 18 2 25 29 6 8 23 11 6 11 18 2 6 13 4 2 7 15 23 7 6 41 3 6 18 4 2 32 42 43 18 11 11 13 14 49 46 46 28 8 3 14 11 38 25 8 7 46 31 8 4 12 13 4 2 14 14 46 13 10 23 16 15 5 14 46 5 2 31 14 51 14 2 8 46 43 45 20 2 31 14 6 24 26 82 6 7 8 12 23 10 2 41 46 3 45 6 15 32 6 28 8 23 6 5 2 2 12 6 59 8 8 16 10 2 6 20 2 31 14 6 24 15 11 2 7 3 13 14 38 6 62 11 6 11 15 16 18 11 10 28 6 15 5 11 2 16 4 3 11 2 14 6 31 15 11 18 6 36 8 3 14 11 6 24 26 82 6 11 8 6 16 15 27 2 6 28 8 23 6 11 18 2 6 25 8 7 33 15 5 2 12 6 13 8 31 2 4 6 8 32 6 20 2 31 14 6 24 15 11 2 7 3 13 14 6 3 5 12 6 32 23 10 10 6 24 2 3 4 25 18 6 26 5 16 15 5 2 6 82 13 11 15 7 15 61 3 11 15 8 5 38
 35 23 4 4 2 5 11 10 28 6 3 6 18 23 16 2 6 11 4 3 5 14 10 3 11 15 8 5 6 13 4 8 74 2 25 11 6 15 14 6 23 5 12 2 4 31 3 28 30 6 11 4 3 5 14 10 3 11 15 5 16 6 36 8 3 14 11 6 24 26 82 6 15 5 6 3 14 6 7 23 25 18 6 3 14 6 66 81 6 10 3 5 16 23 3 16 2 14 38 6 24 8 6 32 3 4 30 6 11 18 2 6 11 4 3 5 14 10 3 11 15 8 5 14 6 32 8 4 6 58 4 2 5 25 18 6 3 5 12 6 56 23 11 25 18 6 3 4 2 6 25 8 7 13 10 2 11 2 30 6 33 23 11 6 31 2 6 14 11 15 10 10 6 5 2 2 12 6 18 2 10 13 6 8 5 6 3 6 10 8 11 6 8 32 6 8 11 18 2 4 6 10 3 5 16 23 3 16 2 14 30 6 14 8 6 15 32 6 28 8 23 73 4 2 6 16 8 8 12 6 3 11 6 11 4 3 5 14 10 3 11 15 5 16 30 6 13 10 2 3 14 2 6 74 8 15 5 6 23 14 6 3 11 6 41 3 6 18 4 2 32 42 43 18 11 11 13 49 46 46 11 4 3 5 14 10 3 11 2 38 28 8 3 14 11 38 25 8 7 43 45 11 4 3 5 14 10 3 11 2 38 28 8 3 14 11 38 25 8 7 41 46 3 45 38
 9 2 3 12 6 41 3 6 18 4 2 32 42 43 18 11 11 13 14 49 46 46 28 8 3 14 11 38 25 8 7 46 3 10 10 51 15 5 51 8 5 2 51 14 2 8 51 13 3 25 29 51 7 15 16 4 3 11 15 8 5 46 43 45 11 18 15 14 6 7 15 16 4 3 11 15 8 5 6 16 23 15 12 2 41 46 3 45 6 15 32 6 28 8 23 6 14 11 15 10 10 6 18 3 27 2 6 22 23 2 14 11 15 8 5 14 6 3 33 8 23 11 6 7 15 16 4 3 11 15 5 16 6 32 4 8 7 6 3 5 8 11 18 2 4 6 24 26 82 6 13 10 23 16 15 5 6 11 8 6 36 8 3 14 11 6 24 26 82 38
 24 18 8 23 10 12 6 28 8 23 6 18 3 27 2 6 3 6 5 2 2 12 6 11 8 6 15 7 13 8 4 11 6 32 4 8 7 6 3 5 8 11 18 2 4 6 24 26 82 6 13 10 23 16 15 5 6 11 8 6 36 8 3 14 11 6 24 26 82 30 6 8 4 6 32 4 8 7 6 3 6 11 18 2 7 2 6 10 15 29 2 6 59 2 5 2 14 15 14 6 8 4 6 34 18 2 14 15 14 30 6 28 8 23 6 25 3 5 6 23 14 2 6 11 18 2 6 41 3 6 18 4 2 32 42 43 18 11 11 13 49 46 46 31 8 4 12 13 4 2 14 14 38 8 4 16 46 2 21 11 2 5 12 46 13 10 23 16 15 5 14 46 14 2 8 51 12 3 11 3 51 11 4 3 5 14 13 8 4 11 2 4 46 43 45 24 26 82 6 56 3 11 3 6 34 4 3 5 14 13 8 4 11 2 4 41 46 3 45 6 13 10 23 16 15 5 30 6 31 18 15 25 18 6 31 15 10 10 6 2 3 14 15 10 28 6 25 8 5 27 2 4 11 6 28 8 23 4 6 24 26 82 6 7 2 11 3 6 12 3 11 3 6 32 4 8 7 6 3 5 12 6 11 8 6 3 6 31 18 8 10 2 6 14 2 11 6 8 32 6 13 10 23 16 15 5 14 6 10 15 29 2 6 50 10 3 11 15 5 23 7 6 24 26 82 30 6 24 26 82 6 63 10 11 15 7 3 11 2 30 6 59 4 2 16 73 14 6 72 15 16 18 6 50 2 4 32 8 4 7 3 5 25 2 6 24 26 82 30 6 3 5 12 6 11 18 2 7 2 14 6 10 15 29 2 6 72 2 3 12 31 3 28 30 6 72 28 33 4 15 12 30 6 39 8 8 58 4 3 7 2 31 8 4 29 30 6 35 3 11 3 10 28 14 11 6 2 11 25 38
 62 32 6 28 8 23 73 27 2 6 23 14 2 12 6 53 10 10 6 62 5 6 82 5 2 6 24 26 82 6 50 3 25 29 6 8 4 6 72 2 3 12 24 13 3 25 2 66 6 33 2 32 8 4 2 6 23 14 15 5 16 6 11 18 15 14 6 13 10 23 16 15 5 30 6 28 8 23 6 7 15 16 18 11 6 31 3 5 11 6 11 8 6 15 7 13 8 4 11 6 3 10 10 6 28 8 23 4 6 8 10 12 6 11 15 11 10 2 14 6 3 5 12 6 12 2 14 25 4 15 13 11 15 8 5 14 38 6 36 8 23 6 25 3 5 6 12 8 6 11 18 3 11 6 2 3 14 15 10 28 6 23 14 15 5 16 6 11 18 2 6 33 23 15 10 11 51 15 5 6 15 7 13 8 4 11 6 32 23 5 25 11 15 8 5 3 10 15 11 28 38 6 34 18 2 4 2 73 14 6 3 10 14 8 6 15 7 13 8 4 11 6 32 23 5 25 11 15 8 5 3 10 15 11 28 6 32 8 4 6 14 8 7 2 6 8 32 6 11 18 2 6 8 10 12 2 4 6 36 8 3 14 11 6 13 10 23 16 15 5 14 30 6 10 15 29 2 6 9 8 33 8 11 14 6 64 2 11 3 6 3 5 12 6 9 24 24 6 32 8 8 11 2 4 38
 62 32 6 28 8 23 6 18 3 27 2 6 7 23 10 11 15 13 10 2 6 33 10 8 16 14 30 6 14 2 11 11 15 5 16 6 23 13 6 13 10 23 16 15 5 14 6 10 15 29 2 6 11 18 15 14 6 8 5 2 6 8 5 6 3 10 10 6 8 32 6 11 18 2 7 6 7 15 16 18 11 6 14 2 2 7 6 10 15 29 2 6 3 6 12 3 23 5 11 15 5 16 6 11 3 14 29 38 6 26 21 25 2 13 11 6 11 18 3 11 6 15 11 73 14 6 5 8 11 30 6 33 2 25 3 23 14 2 6 31 18 3 11 6 28 8 23 6 25 3 5 6 12 8 6 15 14 6 14 15 7 13 10 2 49 6 28 8 23 6 14 2 11 6 23 13 6 11 18 2 6 13 10 23 16 15 5 6 8 5 25 2 38 6 36 8 23 6 11 18 2 5 6 2 21 13 8 4 11 6 28 8 23 4 6 14 2 11 11 15 5 16 14 6 3 5 12 6 14 15 7 13 10 28 6 15 7 13 8 4 11 6 11 18 2 7 6 8 5 6 3 10 10 6 28 8 23 4 6 8 11 18 2 4 6 14 15 11 2 14 38 6 62 11 73 14 6 11 18 3 11 6 14 15 7 13 10 2 47
 34 18 2 6 36 8 3 14 11 6 24 26 82 6 13 10 23 16 15 5 30 6 23 5 10 15 29 2 6 14 8 7 2 6 8 11 18 2 4 14 30 6 15 14 6 32 23 10 10 28 6 64 23 10 11 15 51 24 15 11 2 6 25 8 7 13 3 11 15 33 10 2 38 6 34 18 2 6 84 64 1 6 24 15 11 2 7 3 13 14 6 31 8 4 29 6 32 15 5 2 6 15 5 6 3 10 10 6 14 2 11 23 13 14 6 3 5 12 6 28 8 23 6 2 27 2 5 6 18 3 27 2 6 11 18 2 6 8 13 11 15 8 5 30 6 15 5 6 11 18 2 6 20 2 11 31 8 4 29 6 14 2 11 11 15 5 16 14 30 6 11 8 6 25 8 13 28 6 11 18 2 6 14 2 11 11 15 5 16 14 6 32 4 8 7 6 8 5 2 6 33 10 8 16 6 11 8 6 3 5 8 11 18 2 4 30 6 8 4 6 7 3 29 2 6 33 10 8 16 14 6 12 2 32 3 23 10 11 6 11 8 6 11 18 2 6 14 2 11 11 15 5 16 14 6 32 8 4 6 3 6 14 13 2 25 15 32 15 25 6 33 10 8 16 38
 24 26 82 6 3 5 12 6 24 8 25 15 3 10 6 64 2 12 15 3 6 3 4 2 6 18 2 3 27 15 10 28 6 15 5 11 2 4 11 31 15 5 2 12 38 6 34 18 3 11 73 14 6 31 18 28 6 11 18 15 14 6 13 10 23 16 15 5 6 3 10 14 8 6 25 8 7 2 14 6 31 15 11 18 6 3 6 58 3 25 2 33 8 8 29 6 82 13 2 5 59 4 3 13 18 6 15 7 13 10 2 7 2 5 11 3 11 15 8 5 6 3 5 12 6 31 15 10 10 6 14 8 8 5 6 3 10 14 8 6 14 23 13 13 8 4 11 6 59 8 8 16 10 2 60 6 14 18 3 4 15 5 16 6 11 3 16 14 38
 63 14 15 5 16 6 11 18 2 6 33 23 15 10 11 51 15 5 6 32 15 10 2 6 2 12 15 11 8 4 30 6 28 8 23 6 25 3 5 6 2 12 15 11 6 28 8 23 4 6 39 8 4 12 50 4 2 14 14 6 33 10 8 16 73 14 6 41 25 8 12 2 45 38 18 11 3 25 25 2 14 14 41 46 25 8 12 2 45 6 3 5 12 6 41 25 8 12 2 45 4 8 33 8 11 14 38 11 21 11 41 46 25 8 12 2 45 6 32 15 10 2 30 6 16 15 27 15 5 16 6 28 8 23 6 12 15 4 2 25 11 6 3 25 25 2 14 14 6 11 8 6 11 18 2 6 11 31 8 6 7 8 14 11 6 13 8 31 2 4 32 23 10 6 32 15 10 2 14 30 6 32 4 8 7 6 3 5 6 24 26 82 6 13 2 4 14 13 2 25 11 15 27 2 30 6 15 5 6 28 8 23 4 6 39 8 4 12 50 4 2 14 14 6 15 5 14 11 3 10 10 38
 64 3 29 15 5 16 6 28 8 23 4 6 11 18 2 7 2 6 25 8 7 13 3 11 15 33 10 2 6 15 14 5 73 11 6 18 3 4 12 6 2 15 11 18 2 4 30 6 25 18 2 25 29 6 41 3 6 18 4 2 32 42 43 18 11 11 13 14 49 46 46 29 33 38 28 8 3 14 11 38 25 8 7 46 29 33 46 15 7 13 10 2 7 2 5 11 51 31 8 4 12 13 4 2 14 14 51 14 2 8 51 33 4 2 3 12 25 4 23 7 33 14 46 43 45 11 18 2 14 2 6 15 5 14 11 4 23 25 11 15 8 5 14 41 46 3 45 38
 62 32 6 28 8 23 4 6 11 18 2 7 2 6 15 14 6 25 8 7 13 3 11 15 33 10 2 30 6 3 5 12 6 11 18 2 7 2 14 6 33 3 14 2 12 6 8 5 6 32 8 4 6 15 5 14 11 3 5 25 2 6 59 2 5 2 14 15 14 6 8 4 6 33 28 6 39 8 8 34 18 2 7 2 14 6 8 32 11 2 5 6 3 4 2 30 6 28 8 23 6 25 3 5 6 23 14 2 6 11 18 2 6 33 23 15 10 11 51 15 5 6 52 4 2 3 12 25 4 23 7 33 14 6 32 23 5 25 11 15 8 5 3 10 15 11 28 38 6 34 18 15 14 6 3 10 10 8 31 14 6 28 8 23 6 11 8 6 25 4 2 3 11 2 6 3 5 6 2 3 14 28 6 5 3 27 15 16 3 11 15 8 5 6 11 18 3 11 6 15 14 6 16 4 2 3 11 6 32 8 4 6 33 8 11 18 6 23 14 2 4 14 6 3 5 12 6 14 2 3 4 25 18 6 2 5 16 15 5 2 14 30 6 3 5 12 6 31 15 10 10 6 14 23 13 13 8 4 11 6 11 18 2 6 14 2 3 4 25 18 6 2 5 16 15 5 2 14 6 15 5 6 23 5 12 2 4 14 11 3 5 12 15 5 16 6 11 18 2 6 14 11 4 23 25 11 23 4 2 6 8 32 6 28 8 23 4 6 14 15 11 2 38
 53 4 2 6 28 8 23 6 33 2 15 5 16 6 8 23 11 4 3 5 29 2 12 6 33 28 6 14 25 4 3 13 2 4 14 40 6 62 5 14 11 2 3 12 6 8 32 6 25 23 4 14 15 5 16 6 3 11 6 11 18 2 7 30 6 23 14 2 6 11 18 2 7 6 11 8 6 28 8 23 4 6 3 12 27 3 5 11 3 16 2 47 6 52 28 6 3 23 11 8 7 3 11 15 25 3 10 10 28 6 3 12 12 15 5 16 6 3 6 10 15 5 29 6 11 8 6 28 8 23 4 6 9 24 24 6 32 2 2 12 6 13 8 15 5 11 15 5 16 6 33 3 25 29 6 11 8 6 11 18 2 6 8 4 15 16 15 5 3 10 6 3 4 11 15 25 10 2 30 6 28 8 23 73 4 2 6 11 2 10 10 15 5 16 6 11 18 2 6 14 2 3 4 25 18 6 2 5 16 15 5 2 6 31 18 2 4 2 6 11 18 2 28 6 14 18 8 23 10 12 6 33 2 6 10 8 8 29 15 5 16 6 32 8 4 6 11 18 2 6 8 4 15 16 15 5 3 10 38 6 34 18 15 14 6 31 3 28 30 6 11 18 2 6 36 8 3 14 11 6 24 26 82 6 13 10 23 16 15 5 6 15 5 25 4 2 3 14 2 14 6 28 8 23 4 6 8 31 5 6 25 18 3 5 25 2 6 8 32 6 4 3 5 29 15 5 16 6 32 8 4 6 28 8 23 4 6 25 18 8 14 2 5 6 29 2 28 31 8 4 12 14 6 3 5 12 6 16 2 11 14 6 4 15 12 6 8 32 6 14 25 4 3 13 2 4 14 6 15 5 6 8 5 2 6 16 8 47
 52 2 25 3 23 14 2 6 8 32 6 23 14 15 5 16 6 41 3 6 18 4 2 32 42 43 18 11 11 13 14 49 46 46 28 8 3 14 11 38 25 8 7 46 21 14 10 51 14 11 28 10 2 14 18 2 2 11 51 21 7 10 51 14 15 11 2 7 3 13 46 43 45 84 24 1 6 14 11 28 10 2 14 18 2 2 11 14 6 32 8 4 6 11 18 2 14 2 6 84 64 1 6 24 15 11 2 7 3 13 14 41 46 3 45 30 6 11 18 2 6 84 64 1 6 14 15 11 2 7 3 13 14 6 3 4 2 6 2 3 14 15 10 28 6 4 2 3 12 3 33 10 2 6 32 8 4 6 11 18 2 6 18 23 7 3 5 6 2 28 2 6 11 8 8 30 6 14 8 6 28 8 23 6 25 3 5 6 14 13 8 11 6 11 18 15 5 16 14 6 11 18 3 11 6 14 18 8 23 10 12 5 73 11 6 33 2 6 15 5 6 11 18 2 4 2 38
 34 18 2 14 2 6 84 64 1 6 24 15 11 2 7 3 13 14 6 31 15 10 10 6 2 27 2 5 6 31 8 4 29 6 8 5 6 10 3 4 16 2 6 14 15 11 2 14 30 6 33 2 25 3 23 14 2 6 8 32 6 18 8 31 6 11 18 2 28 73 4 2 6 25 4 2 3 11 2 12 30 6 23 14 15 5 16 6 8 5 2 6 15 5 12 2 21 6 14 15 11 2 7 3 13 6 11 18 3 11 6 10 15 5 29 14 6 11 8 6 14 23 33 51 14 15 11 2 7 3 13 14 6 32 8 4 6 2 3 25 18 6 65 30 67 67 67 6 13 8 14 11 14 38 6 34 18 2 28 6 31 15 10 10 6 3 10 14 8 6 31 8 4 29 6 31 15 11 18 6 25 23 14 11 8 7 6 13 8 14 11 6 11 28 13 2 14 6 3 5 12 6 25 23 14 11 8 7 6 11 3 21 8 5 8 7 15 2 14 6 3 23 11 8 7 3 11 15 25 3 10 10 28 30 6 31 18 15 10 2 6 16 15 27 15 5 16 6 28 8 23 6 11 18 2 6 8 13 11 15 8 5 6 11 8 6 4 2 7 8 27 2 6 11 18 8 14 2 6 32 4 8 7 6 11 18 2 6 84 64 1 6 14 15 11 2 7 3 13 6 14 18 8 23 10 12 6 28 8 23 6 31 15 14 18 6 11 8 38
 34 18 2 6 36 8 3 14 11 6 24 26 82 6 13 10 23 16 15 5 6 18 3 14 6 11 18 2 6 7 8 14 11 6 3 12 27 3 5 25 2 12 6 84 64 1 6 24 15 11 2 7 3 13 14 6 32 23 5 25 11 15 8 5 3 10 15 11 28 6 15 5 6 3 5 28 6 39 8 4 12 50 4 2 14 14 6 13 10 23 16 15 5 38 6 82 5 25 2 6 28 8 23 6 25 18 2 25 29 6 11 18 2 6 33 8 21 30 6 15 11 6 3 23 11 8 7 3 11 15 25 3 10 10 28 6 25 4 2 3 11 2 14 6 84 64 1 6 14 15 11 2 7 3 13 14 6 3 5 12 6 5 8 11 15 32 15 2 14 6 59 8 8 16 10 2 6 17 3 7 13 19 6 52 15 5 16 6 8 32 6 11 18 2 6 14 15 11 2 7 3 13 14 73 6 2 21 15 14 11 2 5 25 2 38 6 34 18 2 14 2 6 84 64 1 6 14 15 11 2 7 3 13 14 6 15 5 25 10 23 12 2 6 11 18 2 6 15 7 3 16 2 14 6 15 5 6 28 8 23 4 6 13 8 14 11 14 6 17 3 7 13 19 6 13 3 16 2 14 6 11 8 8 30 6 14 8 6 11 18 3 11 6 28 8 23 4 6 15 7 3 16 2 14 6 7 3 28 6 33 2 6 32 8 23 5 12 6 33 2 11 11 2 4 6 15 5 6 11 18 2 6 14 2 3 4 25 18 6 2 5 16 15 5 2 14 6 11 8 8 38
 39 15 11 18 6 11 18 2 6 36 8 3 14 11 6 24 26 82 6 13 10 23 16 15 5 6 28 8 23 6 25 3 5 6 25 8 5 11 4 8 10 6 31 18 15 25 18 6 13 3 16 2 14 6 59 8 8 16 10 2 6 14 18 8 31 14 6 15 5 6 15 11 14 6 14 2 3 4 25 18 6 4 2 14 23 10 11 14 6 3 5 12 6 31 18 15 25 18 6 13 3 16 2 14 6 15 11 6 12 8 2 14 5 73 11 6 14 18 8 31 38 6 52 28 6 12 2 32 3 23 10 11 30 6 15 11 6 31 15 10 10 6 11 2 10 10 6 14 2 3 4 25 18 6 2 5 16 15 5 2 14 6 11 8 6 15 5 12 2 21 6 3 10 10 6 8 32 6 28 8 23 4 6 13 3 16 2 14 30 6 15 5 25 10 23 12 15 5 16 6 25 3 11 2 16 8 4 28 6 3 5 12 6 11 3 16 6 3 4 25 18 15 27 2 14 30 6 33 23 11 6 11 8 6 8 5 10 28 6 14 18 8 31 6 11 18 2 6 32 15 4 14 11 6 13 3 16 2 14 6 15 5 6 11 18 2 6 14 2 3 4 25 18 6 4 2 14 23 10 11 14 38 6 62 11 73 14 6 5 8 11 6 27 2 4 28 6 23 14 2 32 23 10 6 32 8 4 6 3 6 23 14 2 4 6 11 8 6 2 5 12 6 23 13 6 8 5 6 11 18 2 6 11 18 15 4 12 6 13 3 16 2 6 8 32 6 28 8 23 4 6 43 13 2 4 14 8 5 3 10 43 6 25 3 11 2 16 8 4 28 30 6 4 15 16 18 11 40
 39 18 15 10 2 6 8 23 11 6 8 32 6 11 18 2 6 33 8 21 6 39 8 4 12 50 4 2 14 14 6 15 14 6 13 4 2 11 11 28 6 16 8 8 12 6 32 8 4 6 24 26 82 30 6 15 11 6 5 2 2 12 14 6 14 8 7 2 6 11 31 2 3 29 14 6 18 2 4 2 6 3 5 12 6 11 18 2 4 2 38 6 34 18 15 14 6 36 8 3 14 11 6 24 26 82 6 13 10 23 16 15 5 6 16 23 15 12 2 14 6 28 8 23 6 11 18 4 8 23 16 18 6 14 8 7 2 6 8 32 6 11 18 2 6 14 2 11 11 15 5 16 14 6 5 2 2 12 2 12 30 6 32 8 4 6 15 5 14 11 3 5 25 2 6 33 28 6 4 2 7 15 5 12 15 5 16 6 28 8 23 6 11 8 6 2 5 3 33 10 2 6 13 4 2 11 11 28 6 13 2 4 7 3 10 15 5 29 14 38 6 52 23 11 6 15 11 6 3 10 14 8 6 16 8 2 14 6 33 2 28 8 5 12 6 11 18 3 11 30 6 33 28 6 3 23 11 8 7 3 11 15 25 3 10 10 28 6 8 13 11 15 7 15 61 15 5 16 6 3 5 12 6 15 5 14 2 4 11 15 5 16 6 11 18 2 6 7 2 11 3 6 11 3 16 14 6 3 5 12 6 10 15 5 29 6 2 10 2 7 2 5 11 14 6 11 18 3 11 6 59 8 8 16 10 2 6 3 5 12 6 8 11 18 2 4 6 14 2 3 4 25 18 6 2 5 16 15 5 2 14 6 10 15 29 2 6 14 8 6 7 23 25 18 49
 35 8 7 33 15 5 2 12 30 6 11 18 15 14 6 13 10 23 16 15 5 6 7 3 29 2 14 6 14 23 4 2 6 11 18 3 11 6 28 8 23 4 6 25 8 5 11 2 5 11 6 15 14 6 11 18 2 6 11 28 13 2 6 8 32 6 25 8 5 11 2 5 11 6 14 2 3 4 25 18 6 2 5 16 15 5 2 14 6 31 15 10 10 6 10 8 27 2 47
 34 18 2 6 13 10 23 16 15 5 6 3 10 14 8 6 3 10 10 8 31 14 6 28 8 23 6 11 8 6 31 4 15 11 2 6 7 2 11 3 6 11 15 11 10 2 14 6 3 5 12 6 12 2 14 25 4 15 13 11 15 8 5 14 6 32 8 4 6 3 10 10 6 28 8 23 4 6 25 3 11 2 16 8 4 28 30 6 11 3 16 6 3 5 12 6 25 23 14 11 8 7 6 11 3 21 8 5 8 7 28 6 3 4 25 18 15 27 2 14 30 6 16 15 27 15 5 16 6 28 8 23 6 11 18 2 6 8 13 11 15 8 5 6 11 8 6 32 23 4 11 18 2 4 6 8 13 11 15 7 15 61 2 6 11 18 8 14 2 6 13 3 16 2 14 38
 63 14 15 5 16 6 11 18 2 6 14 5 15 13 13 2 11 6 13 4 2 27 15 2 31 30 6 28 8 23 6 25 3 5 6 14 2 2 6 3 6 4 2 5 12 2 4 15 5 16 6 8 32 6 31 18 3 11 6 28 8 23 4 6 13 8 14 11 6 8 4 6 13 3 16 2 6 31 15 10 10 6 10 8 8 29 6 10 15 29 2 6 15 5 6 11 18 2 6 14 2 3 4 25 18 6 4 2 14 23 10 11 14 30 6 31 18 2 11 18 2 4 6 28 8 23 4 6 11 15 11 10 2 6 15 14 6 11 8 8 6 10 8 5 16 6 8 4 6 11 8 8 6 14 18 8 4 11 30 6 3 5 12 6 31 18 2 11 18 2 4 6 28 8 23 4 6 7 2 11 3 6 12 2 14 25 4 15 13 11 15 8 5 6 7 3 29 2 14 6 14 2 5 14 2 6 15 5 6 11 18 2 6 25 8 5 11 2 21 11 6 8 32 6 3 6 14 2 3 4 25 18 6 4 2 14 23 10 11 38 6 34 18 15 14 6 31 3 28 6 11 18 2 6 13 10 23 16 15 5 6 31 15 10 10 6 18 2 10 13 6 28 8 23 6 5 8 11 6 8 5 10 28 6 15 5 25 4 2 3 14 2 6 4 3 5 29 15 5 16 14 6 33 23 11 6 3 10 14 8 6 15 5 25 4 2 3 14 2 6 11 18 2 6 25 10 15 25 29 6 11 18 4 8 23 16 18 6 4 3 11 2 6 32 8 4 6 8 4 16 3 5 15 25 6 14 2 3 4 25 18 6 4 2 14 23 10 11 14 38
 36 8 23 6 14 18 8 23 10 12 6 3 10 14 8 6 25 18 2 25 29 6 8 23 11 6 11 18 2 6 41 3 6 18 4 2 32 42 43 18 11 11 13 14 49 46 46 28 8 3 14 11 38 25 8 7 46 31 8 4 12 13 4 2 14 14 46 13 10 23 16 15 5 14 46 10 8 25 3 10 51 14 2 8 46 43 45 36 8 3 14 11 6 1 8 25 3 10 6 24 26 82 41 46 3 45 30 6 41 3 6 18 4 2 32 42 43 18 11 11 13 14 49 46 46 28 8 3 14 11 38 25 8 7 46 31 8 4 12 13 4 2 14 14 46 13 10 23 16 15 5 14 46 5 2 31 14 51 14 2 8 46 43 45 36 8 3 14 11 6 20 2 31 14 6 24 26 82 41 46 3 45 6 3 5 12 6 41 3 6 18 4 2 32 42 43 18 11 11 13 14 49 46 46 28 8 3 14 11 38 25 8 7 46 31 8 4 12 13 4 2 14 14 46 13 10 23 16 15 5 14 46 27 15 12 2 8 51 14 2 8 46 43 45 36 8 3 14 11 6 71 15 12 2 8 6 24 26 82 41 46 3 45 6 2 21 11 2 5 14 15 8 5 14 6 11 8 6 36 8 3 14 11 6 24 26 82 38 6 34 18 2 14 2 6 8 32 6 25 8 23 4 14 2 6 25 8 7 2 6 31 15 11 18 6 14 23 13 13 8 4 11 6 11 8 8 38
 58 8 10 10 8 31 6 36 8 3 14 11 6 8 5 6 41 3 6 18 4 2 32 42 43 18 11 11 13 14 49 46 46 32 3 25 2 33 8 8 29 38 25 8 7 46 28 8 3 14 11 43 45 58 3 25 2 33 8 8 29 41 46 3 45 6 17 3 7 13 19 6 41 3 6 18 4 2 32 42 43 18 11 11 13 49 46 46 11 31 15 11 11 2 4 38 25 8 7 46 28 8 3 14 11 43 45 34 31 15 11 11 2 4 41 46 3 45 38
 82 11 18 2 4 6 41 3 6 18 4 2 32 42 43 18 11 11 13 14 49 46 46 28 8 3 14 11 38 25 8 7 46 31 8 4 12 13 4 2 14 14 46 13 10 23 16 15 5 14 46 43 45 39 8 4 12 50 4 2 14 14 6 50 10 23 16 15 5 14 41 46 3 45 6 33 28 6 11 18 2 6 14 3 7 2 6 11 2 3 7 38
 34 18 2 6 41 3 6 18 4 2 32 42 43 18 11 11 13 14 49 46 46 28 8 3 14 11 38 25 8 7 46 31 8 4 12 13 4 2 14 14 46 13 10 23 16 15 5 14 46 14 2 8 46 43 45 36 8 3 14 11 6 24 26 82 6 50 10 23 16 15 5 41 46 3 45 6 8 32 32 15 25 15 3 10 6 18 8 7 2 13 3 16 2 38
 82 5 25 2 6 28 8 23 6 18 3 27 2 6 16 4 2 3 11 6 24 26 82 30 6 28 8 23 73 10 10 6 5 2 2 12 6 11 18 2 6 41 3 6 18 4 2 32 42 43 18 11 11 13 14 49 46 46 28 8 3 14 11 38 25 8 7 46 3 4 11 15 25 10 2 14 46 31 8 4 12 13 4 2 14 14 51 18 8 14 11 15 5 16 46 43 45 33 2 14 11 6 39 8 4 12 50 4 2 14 14 6 72 8 14 11 15 5 16 41 46 3 45 38
 41 3 6 18 4 2 32 42 43 18 11 11 13 14 49 46 46 28 8 3 14 11 38 25 8 7 46 3 4 11 15 25 10 2 14 46 31 8 4 12 13 4 2 14 14 51 14 2 8 46 43 45 39 8 4 12 50 4 2 14 14 6 24 26 82 6 51 6 34 18 2 6 12 2 32 15 5 15 11 15 27 2 6 59 23 15 12 2 6 33 28 6 36 8 3 14 11 41 46 3 45 38
 34 18 2 6 41 3 6 18 4 2 32 42 43 18 11 11 13 14 49 46 46 29 33 38 28 8 3 14 11 38 25 8 7 46 29 33 46 25 3 11 2 16 8 4 28 46 28 8 3 14 11 51 14 2 8 46 43 45 36 8 3 14 11 6 24 26 82 6 90 5 8 31 10 2 12 16 2 33 3 14 2 41 46 3 45 38
 58 23 4 11 18 2 4 6 9 2 3 12 15 5 16
 20 2 31 14 6 24 26 82
 36 8 3 14 11 6 24 26 82 6 50 10 23 16 15 5 6 15 5 6 28 8 23 4 6 1 3 5 16 23 3 16 2 47
 62 7 13 8 4 11 6 32 23 5 25 11 15 8 5 3 10 15 11 28 6 32 8 4 6 8 11 18 2 4 6 39 8 4 12 50 4 2 14 14 6 24 26 82 6 13 10 23 16 15 5 14
 62 7 13 8 4 11 6 17 3 7 13 19 6 26 21 13 8 4 11 6 32 23 5 25 11 15 8 5 3 10 15 11 28
 64 23 10 11 15 51 24 15 11 2 6 35 8 7 13 3 11 15 33 10 2
 24 8 25 15 3 10 6 62 5 11 2 16 4 3 11 15 8 5
 26 12 15 11 6 28 8 23 4 6 38 18 11 3 25 25 2 14 14 6 3 5 12 6 4 8 33 8 11 14 38 11 21 11 6 32 15 10 2
 52 4 2 3 12 25 4 23 7 33 14
 9 24 24 6 82 13 11 15 7 15 61 3 11 15 8 5
 84 64 1 6 24 15 11 2 7 3 13 14
 64 2 11 3 6 17 3 7 13 19 6 1 15 5 29 6 26 10 2 7 2 5 11 14
 34 2 25 18 5 15 25 3 10 6 39 8 4 12 50 4 2 14 14 6 24 2 3 4 25 18 6 26 5 16 15 5 2 6 82 13 11 15 7 15 61 3 11 15 8 5
 50 3 16 2 6 53 5 3 10 28 14 15 14
 39 4 15 11 2 6 33 2 11 11 2 4 6 25 8 5 11 2 5 11 6 31 15 11 18 6 36 8 3 14 11 6 24 26 82
 34 18 2 6 3 12 27 3 5 25 2 12 6 14 2 25 11 15 8 5 6 8 32 6 11 18 2 6 36 8 3 14 11 6 24 26 82 6 7 2 11 3 6 33 8 21 38
 26 21 3 7 13 10 2 6 8 32 6 11 18 2 6 24 26 82 6 3 5 3 10 28 14 15 14 6 32 23 5 25 11 15 8 5 3 10 15 11 28 38
 34 18 2 6 32 23 10 10 28 6 25 8 5 32 15 16 23 4 3 33 10 2 6 84 64 1 6 14 15 11 2 7 3 13 6 32 8 4 6 36 8 3 14 11 6 24 26 82 38
 34 18 2 6 36 8 3 14 11 6 24 26 82 6 13 10 23 16 15 5 6 16 2 5 2 4 3 10 6 7 2 11 3 6 33 8 21 38 6 36 8 23 73 10 10 6 14 2 2 6 11 18 15 14 6 8 5 6 2 12 15 11 6 13 8 14 11 6 13 3 16 2 14 30 6 32 8 4 6 13 8 14 11 14 30 6 13 3 16 2 14 6 3 5 12 6 25 23 14 11 8 7 6 13 8 14 11 6 11 28 13 2 14 38
 26 5 18 3 5 25 2 7 2 5 11 14
 52 23 16 32 15 21 2 14
 58 15 21 2 14 6 3 6 33 23 16 6 31 18 2 4 2 6 11 18 2 6 31 18 15 13 6 5 8 11 15 32 15 25 3 11 15 8 5 6 25 3 5 6 33 2 6 14 18 8 31 5 6 7 23 10 11 15 13 10 2 6 11 15 7 2 14 38
 58 8 4 6 11 18 2 6 25 18 3 5 16 2 10 8 16 6 8 32 6 2 3 4 10 15 2 4 6 27 2 4 14 15 8 5 14 30 6 13 10 2 3 14 2 6 4 2 32 2 4 6 11 8 6 11 18 2 6 14 2 13 3 4 3 11 2 6 25 18 3 5 16 2 10 8 16 38 11 21 11 6 32 15 10 2 38
 63 5 12 2 4 6 11 18 2 6 18 8 8 12
 9 2 10 2 3 14 2 6 56 3 11 2 49 6 37 23 10 28 6 65 76 11 18 30 6 66 67 65 80
 9 2 10 2 3 14 2 6 56 3 11 2 49 6 37 23 10 28 6 66 68 11 18 30 6 66 67 65 80
 9 2 10 2 3 14 2 6 56 3 11 2 49 6 37 23 10 28 6 91 11 18 30 6 66 67 65 80
